/*--------------------------------*- C++ -*----------------------------------*\
| =========                 |                                                 |
| \\      /  F ield         | OpenFOAM: The Open Source CFD Toolbox           |
|  \\    /   O peration     | Version:  2312                                  |
|   \\  /    A nd           | Website:  www.openfoam.com                      |
|    \\/     M anipulation  |                                                 |
\*---------------------------------------------------------------------------*/
FoamFile
{
    version     2.0;
    format      ascii;
    arch        "LSB;label=32;scalar=64";
    class       volVectorField;
    location    "0";
    object      C;
}
// * * * * * * * * * * * * * * * * * * * * * * * * * * * * * * * * * * * * * //

dimensions      [0 1 0 0 0 0 0];

internalField   nonuniform List<vector> 
2268
(
(0.00634783 0.00299993 0.0073)
(0.0190435 0.00299994 0.0073)
(0.0317391 0.00299993 0.0073)
(0.0444348 0.00299994 0.0073)
(0.0571304 0.00299994 0.0073)
(0.0698261 0.00299993 0.0073)
(0.0825217 0.00299994 0.0073)
(0.0952174 0.00299993 0.0073)
(0.107913 0.00299993 0.0073)
(0.120609 0.00299994 0.0073)
(0.133304 0.00299993 0.0073)
(0.146 0.00299994 0.0073)
(0.158696 0.00299994 0.0073)
(0.171391 0.00299994 0.0073)
(0.184087 0.00299993 0.0073)
(0.196783 0.00299993 0.0073)
(0.209478 0.00299993 0.0073)
(0.222174 0.00299993 0.0073)
(0.23487 0.00299993 0.0073)
(0.247565 0.00299994 0.0073)
(0.260261 0.00299994 0.0073)
(0.272957 0.00299993 0.0073)
(0.285652 0.00299993 0.0073)
(0.00634783 0.0089998 0.0073)
(0.0190435 0.0089998 0.0073)
(0.0317391 0.0089998 0.0073)
(0.0444348 0.0089998 0.0073)
(0.0571304 0.00899981 0.0073)
(0.0698261 0.0089998 0.0073)
(0.0825217 0.0089998 0.0073)
(0.0952174 0.0089998 0.0073)
(0.107913 0.00899981 0.0073)
(0.120609 0.0089998 0.0073)
(0.133304 0.0089998 0.0073)
(0.146 0.0089998 0.0073)
(0.158696 0.0089998 0.0073)
(0.171391 0.0089998 0.0073)
(0.184087 0.0089998 0.0073)
(0.196783 0.0089998 0.0073)
(0.209478 0.0089998 0.0073)
(0.222174 0.0089998 0.0073)
(0.23487 0.0089998 0.0073)
(0.247565 0.00899981 0.0073)
(0.260261 0.0089998 0.0073)
(0.272957 0.00899981 0.0073)
(0.285652 0.0089998 0.0073)
(0.00634783 0.0149997 0.0073)
(0.0190435 0.0149997 0.0073)
(0.0317391 0.0149997 0.0073)
(0.0444348 0.0149997 0.0073)
(0.0571304 0.0149997 0.0073)
(0.0698261 0.0149997 0.0073)
(0.0825217 0.0149997 0.0073)
(0.0952174 0.0149997 0.0073)
(0.107913 0.0149997 0.0073)
(0.120609 0.0149997 0.0073)
(0.133304 0.0149997 0.0073)
(0.146 0.0149997 0.0073)
(0.158696 0.0149997 0.0073)
(0.171391 0.0149997 0.0073)
(0.184087 0.0149997 0.0073)
(0.196783 0.0149997 0.0073)
(0.209478 0.0149997 0.0073)
(0.222174 0.0149997 0.0073)
(0.23487 0.0149997 0.0073)
(0.247565 0.0149997 0.0073)
(0.260261 0.0149997 0.0073)
(0.272957 0.0149997 0.0073)
(0.285652 0.0149997 0.0073)
(0.00634783 0.0209995 0.0073)
(0.0190435 0.0209995 0.0073)
(0.0317391 0.0209995 0.0073)
(0.0444348 0.0209995 0.0073)
(0.0571304 0.0209995 0.0073)
(0.0698261 0.0209995 0.0073)
(0.0825217 0.0209995 0.0073)
(0.0952174 0.0209995 0.0073)
(0.107913 0.0209995 0.0073)
(0.120609 0.0209995 0.0073)
(0.133304 0.0209995 0.0073)
(0.146 0.0209995 0.0073)
(0.158696 0.0209995 0.0073)
(0.171391 0.0209995 0.0073)
(0.184087 0.0209995 0.0073)
(0.196783 0.0209995 0.0073)
(0.209478 0.0209995 0.0073)
(0.222174 0.0209995 0.0073)
(0.23487 0.0209995 0.0073)
(0.247565 0.0209995 0.0073)
(0.260261 0.0209995 0.0073)
(0.272957 0.0209995 0.0073)
(0.285652 0.0209995 0.0073)
(0.00634783 0.0269994 0.0073)
(0.0190435 0.0269994 0.0073)
(0.0317391 0.0269994 0.0073)
(0.0444348 0.0269994 0.0073)
(0.0571304 0.0269994 0.0073)
(0.0698261 0.0269994 0.0073)
(0.0825217 0.0269994 0.0073)
(0.0952174 0.0269994 0.0073)
(0.107913 0.0269994 0.0073)
(0.120609 0.0269994 0.0073)
(0.133304 0.0269994 0.0073)
(0.146 0.0269994 0.0073)
(0.158696 0.0269994 0.0073)
(0.171391 0.0269994 0.0073)
(0.184087 0.0269994 0.0073)
(0.196783 0.0269994 0.0073)
(0.209478 0.0269994 0.0073)
(0.222174 0.0269994 0.0073)
(0.23487 0.0269994 0.0073)
(0.247565 0.0269994 0.0073)
(0.260261 0.0269994 0.0073)
(0.272957 0.0269994 0.0073)
(0.285652 0.0269994 0.0073)
(0.00634783 0.0329993 0.0073)
(0.0190435 0.0329993 0.0073)
(0.0317391 0.0329993 0.0073)
(0.0444348 0.0329993 0.0073)
(0.0571304 0.0329993 0.0073)
(0.0698261 0.0329993 0.0073)
(0.0825217 0.0329993 0.0073)
(0.0952174 0.0329993 0.0073)
(0.107913 0.0329993 0.0073)
(0.120609 0.0329993 0.0073)
(0.133304 0.0329993 0.0073)
(0.146 0.0329993 0.0073)
(0.158696 0.0329993 0.0073)
(0.171391 0.0329993 0.0073)
(0.184087 0.0329993 0.0073)
(0.196783 0.0329993 0.0073)
(0.209478 0.0329993 0.0073)
(0.222174 0.0329993 0.0073)
(0.23487 0.0329993 0.0073)
(0.247565 0.0329993 0.0073)
(0.260261 0.0329993 0.0073)
(0.272957 0.0329993 0.0073)
(0.285652 0.0329993 0.0073)
(0.00634783 0.0389992 0.0073)
(0.0190435 0.0389992 0.0073)
(0.0317391 0.0389992 0.0073)
(0.0444348 0.0389992 0.0073)
(0.0571304 0.0389992 0.0073)
(0.0698261 0.0389992 0.0073)
(0.0825217 0.0389992 0.0073)
(0.0952174 0.0389992 0.0073)
(0.107913 0.0389992 0.0073)
(0.120609 0.0389992 0.0073)
(0.133304 0.0389992 0.0073)
(0.146 0.0389992 0.0073)
(0.158696 0.0389992 0.0073)
(0.171391 0.0389992 0.0073)
(0.184087 0.0389992 0.0073)
(0.196783 0.0389992 0.0073)
(0.209478 0.0389992 0.0073)
(0.222174 0.0389992 0.0073)
(0.23487 0.0389992 0.0073)
(0.247565 0.0389992 0.0073)
(0.260261 0.0389992 0.0073)
(0.272957 0.0389992 0.0073)
(0.285652 0.0389992 0.0073)
(0.00634783 0.044999 0.0073)
(0.0190435 0.044999 0.0073)
(0.0317391 0.044999 0.0073)
(0.0444348 0.044999 0.0073)
(0.0571304 0.044999 0.0073)
(0.0698261 0.044999 0.0073)
(0.0825217 0.044999 0.0073)
(0.0952174 0.044999 0.0073)
(0.107913 0.044999 0.0073)
(0.120609 0.044999 0.0073)
(0.133304 0.044999 0.0073)
(0.146 0.044999 0.0073)
(0.158696 0.044999 0.0073)
(0.171391 0.044999 0.0073)
(0.184087 0.044999 0.0073)
(0.196783 0.044999 0.0073)
(0.209478 0.044999 0.0073)
(0.222174 0.044999 0.0073)
(0.23487 0.044999 0.0073)
(0.247565 0.044999 0.0073)
(0.260261 0.044999 0.0073)
(0.272957 0.044999 0.0073)
(0.285652 0.044999 0.0073)
(0.323052 0.00299993 0.0073)
(0.337157 0.00299994 0.0073)
(0.351263 0.00299993 0.0073)
(0.365368 0.00299993 0.0073)
(0.379473 0.00299993 0.0073)
(0.393579 0.00299993 0.0073)
(0.407684 0.00299994 0.0073)
(0.421789 0.00299993 0.0073)
(0.435894 0.00299993 0.0073)
(0.45 0.00299993 0.0073)
(0.464105 0.00299993 0.0073)
(0.47821 0.00299994 0.0073)
(0.492316 0.00299994 0.0073)
(0.506421 0.00299993 0.0073)
(0.520526 0.00299993 0.0073)
(0.534631 0.00299994 0.0073)
(0.548737 0.00299993 0.0073)
(0.562842 0.00299993 0.0073)
(0.576947 0.00299993 0.0073)
(0.323052 0.0089998 0.0073)
(0.337157 0.00899981 0.0073)
(0.351263 0.0089998 0.0073)
(0.365368 0.0089998 0.0073)
(0.379473 0.00899981 0.0073)
(0.393579 0.0089998 0.0073)
(0.407684 0.00899981 0.0073)
(0.421789 0.0089998 0.0073)
(0.435894 0.00899981 0.0073)
(0.45 0.0089998 0.0073)
(0.464105 0.00899981 0.0073)
(0.47821 0.00899981 0.0073)
(0.492316 0.0089998 0.0073)
(0.506421 0.00899981 0.0073)
(0.520526 0.0089998 0.0073)
(0.534631 0.0089998 0.0073)
(0.548737 0.0089998 0.0073)
(0.562842 0.0089998 0.0073)
(0.576947 0.00899981 0.0073)
(0.323052 0.0149997 0.0073)
(0.337157 0.0149997 0.0073)
(0.351263 0.0149997 0.0073)
(0.365368 0.0149997 0.0073)
(0.379473 0.0149997 0.0073)
(0.393579 0.0149997 0.0073)
(0.407684 0.0149997 0.0073)
(0.421789 0.0149997 0.0073)
(0.435894 0.0149997 0.0073)
(0.45 0.0149997 0.0073)
(0.464105 0.0149997 0.0073)
(0.47821 0.0149997 0.0073)
(0.492316 0.0149997 0.0073)
(0.506421 0.0149997 0.0073)
(0.520526 0.0149997 0.0073)
(0.534631 0.0149997 0.0073)
(0.548737 0.0149997 0.0073)
(0.562842 0.0149997 0.0073)
(0.576947 0.0149997 0.0073)
(0.323052 0.0209995 0.0073)
(0.337157 0.0209995 0.0073)
(0.351263 0.0209995 0.0073)
(0.365368 0.0209995 0.0073)
(0.379473 0.0209995 0.0073)
(0.393579 0.0209995 0.0073)
(0.407684 0.0209995 0.0073)
(0.421789 0.0209995 0.0073)
(0.435894 0.0209995 0.0073)
(0.45 0.0209995 0.0073)
(0.464105 0.0209995 0.0073)
(0.47821 0.0209995 0.0073)
(0.492316 0.0209995 0.0073)
(0.506421 0.0209995 0.0073)
(0.520526 0.0209995 0.0073)
(0.534631 0.0209995 0.0073)
(0.548737 0.0209995 0.0073)
(0.562842 0.0209995 0.0073)
(0.576947 0.0209995 0.0073)
(0.323052 0.0269994 0.0073)
(0.337157 0.0269994 0.0073)
(0.351263 0.0269994 0.0073)
(0.365368 0.0269994 0.0073)
(0.379473 0.0269994 0.0073)
(0.393579 0.0269994 0.0073)
(0.407684 0.0269994 0.0073)
(0.421789 0.0269994 0.0073)
(0.435894 0.0269994 0.0073)
(0.45 0.0269994 0.0073)
(0.464105 0.0269994 0.0073)
(0.47821 0.0269994 0.0073)
(0.492316 0.0269994 0.0073)
(0.506421 0.0269994 0.0073)
(0.520526 0.0269994 0.0073)
(0.534631 0.0269994 0.0073)
(0.548737 0.0269994 0.0073)
(0.562842 0.0269994 0.0073)
(0.576947 0.0269994 0.0073)
(0.323052 0.0329993 0.0073)
(0.337157 0.0329993 0.0073)
(0.351263 0.0329993 0.0073)
(0.365368 0.0329993 0.0073)
(0.379473 0.0329993 0.0073)
(0.393579 0.0329993 0.0073)
(0.407684 0.0329993 0.0073)
(0.421789 0.0329993 0.0073)
(0.435894 0.0329993 0.0073)
(0.45 0.0329993 0.0073)
(0.464105 0.0329993 0.0073)
(0.47821 0.0329993 0.0073)
(0.492316 0.0329993 0.0073)
(0.506421 0.0329993 0.0073)
(0.520526 0.0329993 0.0073)
(0.534631 0.0329993 0.0073)
(0.548737 0.0329993 0.0073)
(0.562842 0.0329993 0.0073)
(0.576947 0.0329993 0.0073)
(0.323052 0.0389992 0.0073)
(0.337157 0.0389992 0.0073)
(0.351263 0.0389992 0.0073)
(0.365368 0.0389992 0.0073)
(0.379473 0.0389992 0.0073)
(0.393579 0.0389992 0.0073)
(0.407684 0.0389992 0.0073)
(0.421789 0.0389992 0.0073)
(0.435894 0.0389992 0.0073)
(0.45 0.0389992 0.0073)
(0.464105 0.0389992 0.0073)
(0.47821 0.0389992 0.0073)
(0.492316 0.0389992 0.0073)
(0.506421 0.0389992 0.0073)
(0.520526 0.0389992 0.0073)
(0.534631 0.0389992 0.0073)
(0.548737 0.0389992 0.0073)
(0.562842 0.0389992 0.0073)
(0.576947 0.0389992 0.0073)
(0.323052 0.044999 0.0073)
(0.337157 0.044999 0.0073)
(0.351263 0.044999 0.0073)
(0.365368 0.044999 0.0073)
(0.379473 0.044999 0.0073)
(0.393579 0.044999 0.0073)
(0.407684 0.044999 0.0073)
(0.421789 0.044999 0.0073)
(0.435894 0.044999 0.0073)
(0.45 0.044999 0.0073)
(0.464105 0.044999 0.0073)
(0.47821 0.044999 0.0073)
(0.492316 0.044999 0.0073)
(0.506421 0.044999 0.0073)
(0.520526 0.044999 0.0073)
(0.534631 0.044999 0.0073)
(0.548737 0.044999 0.0073)
(0.562842 0.044999 0.0073)
(0.576947 0.044999 0.0073)
(0.00634783 0.0543799 0.0073)
(0.0190435 0.0543799 0.0073)
(0.0317391 0.0543799 0.0073)
(0.0444348 0.0543799 0.0073)
(0.0571304 0.0543799 0.0073)
(0.0698261 0.0543799 0.0073)
(0.0825217 0.0543799 0.0073)
(0.0952174 0.0543799 0.0073)
(0.107913 0.0543799 0.0073)
(0.120609 0.0543799 0.0073)
(0.133304 0.0543799 0.0073)
(0.146 0.0543799 0.0073)
(0.158696 0.0543799 0.0073)
(0.171391 0.0543799 0.0073)
(0.184087 0.0543799 0.0073)
(0.196783 0.0543799 0.0073)
(0.209478 0.0543799 0.0073)
(0.222174 0.0543799 0.0073)
(0.23487 0.0543799 0.0073)
(0.247565 0.0543799 0.0073)
(0.260261 0.0543799 0.0073)
(0.272957 0.0543799 0.0073)
(0.285652 0.0543799 0.0073)
(0.00634783 0.0671419 0.0073)
(0.0190435 0.0671419 0.0073)
(0.0317391 0.0671419 0.0073)
(0.0444348 0.0671419 0.0073)
(0.0571304 0.0671419 0.0073)
(0.0698261 0.0671419 0.0073)
(0.0825217 0.0671419 0.0073)
(0.0952174 0.0671419 0.0073)
(0.107913 0.0671419 0.0073)
(0.120609 0.0671419 0.0073)
(0.133304 0.0671419 0.0073)
(0.146 0.0671419 0.0073)
(0.158696 0.0671419 0.0073)
(0.171391 0.0671419 0.0073)
(0.184087 0.0671419 0.0073)
(0.196783 0.0671419 0.0073)
(0.209478 0.0671419 0.0073)
(0.222174 0.0671419 0.0073)
(0.23487 0.0671419 0.0073)
(0.247565 0.0671419 0.0073)
(0.260261 0.0671419 0.0073)
(0.272957 0.0671419 0.0073)
(0.285652 0.0671419 0.0073)
(0.00634783 0.0799038 0.0073)
(0.0190435 0.0799038 0.0073)
(0.0317391 0.0799038 0.0073)
(0.0444348 0.0799038 0.0073)
(0.0571304 0.0799038 0.0073)
(0.0698261 0.0799038 0.0073)
(0.0825217 0.0799038 0.0073)
(0.0952174 0.0799038 0.0073)
(0.107913 0.0799038 0.0073)
(0.120609 0.0799038 0.0073)
(0.133304 0.0799038 0.0073)
(0.146 0.0799038 0.0073)
(0.158696 0.0799038 0.0073)
(0.171391 0.0799038 0.0073)
(0.184087 0.0799038 0.0073)
(0.196783 0.0799038 0.0073)
(0.209478 0.0799038 0.0073)
(0.222174 0.0799038 0.0073)
(0.23487 0.0799038 0.0073)
(0.247565 0.0799038 0.0073)
(0.260261 0.0799038 0.0073)
(0.272957 0.0799038 0.0073)
(0.285652 0.0799038 0.0073)
(0.00634783 0.0926657 0.0073)
(0.0190435 0.0926657 0.0073)
(0.0317391 0.0926657 0.0073)
(0.0444348 0.0926657 0.0073)
(0.0571304 0.0926657 0.0073)
(0.0698261 0.0926657 0.0073)
(0.0825217 0.0926657 0.0073)
(0.0952174 0.0926657 0.0073)
(0.107913 0.0926657 0.0073)
(0.120609 0.0926657 0.0073)
(0.133304 0.0926657 0.0073)
(0.146 0.0926657 0.0073)
(0.158696 0.0926657 0.0073)
(0.171391 0.0926657 0.0073)
(0.184087 0.0926657 0.0073)
(0.196783 0.0926657 0.0073)
(0.209478 0.0926657 0.0073)
(0.222174 0.0926657 0.0073)
(0.23487 0.0926657 0.0073)
(0.247565 0.0926657 0.0073)
(0.260261 0.0926657 0.0073)
(0.272957 0.0926657 0.0073)
(0.285652 0.0926657 0.0073)
(0.00634783 0.105428 0.0073)
(0.0190435 0.105428 0.0073)
(0.0317391 0.105428 0.0073)
(0.0444348 0.105428 0.0073)
(0.0571304 0.105428 0.0073)
(0.0698261 0.105428 0.0073)
(0.0825217 0.105428 0.0073)
(0.0952174 0.105428 0.0073)
(0.107913 0.105428 0.0073)
(0.120609 0.105428 0.0073)
(0.133304 0.105428 0.0073)
(0.146 0.105428 0.0073)
(0.158696 0.105428 0.0073)
(0.171391 0.105428 0.0073)
(0.184087 0.105428 0.0073)
(0.196783 0.105428 0.0073)
(0.209478 0.105428 0.0073)
(0.222174 0.105428 0.0073)
(0.23487 0.105428 0.0073)
(0.247565 0.105428 0.0073)
(0.260261 0.105428 0.0073)
(0.272957 0.105428 0.0073)
(0.285652 0.105428 0.0073)
(0.00634783 0.11819 0.0073)
(0.0190435 0.11819 0.0073)
(0.0317391 0.11819 0.0073)
(0.0444348 0.11819 0.0073)
(0.0571304 0.11819 0.0073)
(0.0698261 0.11819 0.0073)
(0.0825217 0.11819 0.0073)
(0.0952174 0.11819 0.0073)
(0.107913 0.11819 0.0073)
(0.120609 0.11819 0.0073)
(0.133304 0.11819 0.0073)
(0.146 0.11819 0.0073)
(0.158696 0.11819 0.0073)
(0.171391 0.11819 0.0073)
(0.184087 0.11819 0.0073)
(0.196783 0.11819 0.0073)
(0.209478 0.11819 0.0073)
(0.222174 0.11819 0.0073)
(0.23487 0.11819 0.0073)
(0.247565 0.11819 0.0073)
(0.260261 0.11819 0.0073)
(0.272957 0.11819 0.0073)
(0.285652 0.11819 0.0073)
(0.00634783 0.130952 0.0073)
(0.0190435 0.130952 0.0073)
(0.0317391 0.130952 0.0073)
(0.0444348 0.130952 0.0073)
(0.0571304 0.130952 0.0073)
(0.0698261 0.130952 0.0073)
(0.0825217 0.130952 0.0073)
(0.0952174 0.130952 0.0073)
(0.107913 0.130952 0.0073)
(0.120609 0.130952 0.0073)
(0.133304 0.130952 0.0073)
(0.146 0.130952 0.0073)
(0.158696 0.130952 0.0073)
(0.171391 0.130952 0.0073)
(0.184087 0.130952 0.0073)
(0.196783 0.130952 0.0073)
(0.209478 0.130952 0.0073)
(0.222174 0.130952 0.0073)
(0.23487 0.130952 0.0073)
(0.247565 0.130952 0.0073)
(0.260261 0.130952 0.0073)
(0.272957 0.130952 0.0073)
(0.285652 0.130952 0.0073)
(0.00634783 0.143713 0.0073)
(0.0190435 0.143713 0.0073)
(0.0317391 0.143713 0.0073)
(0.0444348 0.143713 0.0073)
(0.0571304 0.143713 0.0073)
(0.0698261 0.143713 0.0073)
(0.0825217 0.143713 0.0073)
(0.0952174 0.143713 0.0073)
(0.107913 0.143713 0.0073)
(0.120609 0.143713 0.0073)
(0.133304 0.143713 0.0073)
(0.146 0.143713 0.0073)
(0.158696 0.143713 0.0073)
(0.171391 0.143713 0.0073)
(0.184087 0.143713 0.0073)
(0.196783 0.143713 0.0073)
(0.209478 0.143713 0.0073)
(0.222174 0.143713 0.0073)
(0.23487 0.143713 0.0073)
(0.247565 0.143713 0.0073)
(0.260261 0.143713 0.0073)
(0.272957 0.143713 0.0073)
(0.285652 0.143713 0.0073)
(0.00634783 0.156475 0.0073)
(0.0190435 0.156475 0.0073)
(0.0317391 0.156475 0.0073)
(0.0444348 0.156475 0.0073)
(0.0571304 0.156475 0.0073)
(0.0698261 0.156475 0.0073)
(0.0825217 0.156475 0.0073)
(0.0952174 0.156475 0.0073)
(0.107913 0.156475 0.0073)
(0.120609 0.156475 0.0073)
(0.133304 0.156475 0.0073)
(0.146 0.156475 0.0073)
(0.158696 0.156475 0.0073)
(0.171391 0.156475 0.0073)
(0.184087 0.156475 0.0073)
(0.196783 0.156475 0.0073)
(0.209478 0.156475 0.0073)
(0.222174 0.156475 0.0073)
(0.23487 0.156475 0.0073)
(0.247565 0.156475 0.0073)
(0.260261 0.156475 0.0073)
(0.272957 0.156475 0.0073)
(0.285652 0.156475 0.0073)
(0.00634783 0.169237 0.0073)
(0.0190435 0.169237 0.0073)
(0.0317391 0.169237 0.0073)
(0.0444348 0.169237 0.0073)
(0.0571304 0.169237 0.0073)
(0.0698261 0.169237 0.0073)
(0.0825217 0.169237 0.0073)
(0.0952174 0.169237 0.0073)
(0.107913 0.169237 0.0073)
(0.120609 0.169237 0.0073)
(0.133304 0.169237 0.0073)
(0.146 0.169237 0.0073)
(0.158696 0.169237 0.0073)
(0.171391 0.169237 0.0073)
(0.184087 0.169237 0.0073)
(0.196783 0.169237 0.0073)
(0.209478 0.169237 0.0073)
(0.222174 0.169237 0.0073)
(0.23487 0.169237 0.0073)
(0.247565 0.169237 0.0073)
(0.260261 0.169237 0.0073)
(0.272957 0.169237 0.0073)
(0.285652 0.169237 0.0073)
(0.00634783 0.181999 0.0073)
(0.0190435 0.181999 0.0073)
(0.0317391 0.181999 0.0073)
(0.0444348 0.181999 0.0073)
(0.0571304 0.181999 0.0073)
(0.0698261 0.181999 0.0073)
(0.0825217 0.181999 0.0073)
(0.0952174 0.181999 0.0073)
(0.107913 0.181999 0.0073)
(0.120609 0.181999 0.0073)
(0.133304 0.181999 0.0073)
(0.146 0.181999 0.0073)
(0.158696 0.181999 0.0073)
(0.171391 0.181999 0.0073)
(0.184087 0.181999 0.0073)
(0.196783 0.181999 0.0073)
(0.209478 0.181999 0.0073)
(0.222174 0.181999 0.0073)
(0.23487 0.181999 0.0073)
(0.247565 0.181999 0.0073)
(0.260261 0.181999 0.0073)
(0.272957 0.181999 0.0073)
(0.285652 0.181999 0.0073)
(0.00634783 0.194761 0.0073)
(0.0190435 0.194761 0.0073)
(0.0317391 0.194761 0.0073)
(0.0444348 0.194761 0.0073)
(0.0571304 0.194761 0.0073)
(0.0698261 0.194761 0.0073)
(0.0825217 0.194761 0.0073)
(0.0952174 0.194761 0.0073)
(0.107913 0.194761 0.0073)
(0.120609 0.194761 0.0073)
(0.133304 0.194761 0.0073)
(0.146 0.194761 0.0073)
(0.158696 0.194761 0.0073)
(0.171391 0.194761 0.0073)
(0.184087 0.194761 0.0073)
(0.196783 0.194761 0.0073)
(0.209478 0.194761 0.0073)
(0.222174 0.194761 0.0073)
(0.23487 0.194761 0.0073)
(0.247565 0.194761 0.0073)
(0.260261 0.194761 0.0073)
(0.272957 0.194761 0.0073)
(0.285652 0.194761 0.0073)
(0.00634783 0.207523 0.0073)
(0.0190435 0.207523 0.0073)
(0.0317391 0.207523 0.0073)
(0.0444348 0.207523 0.0073)
(0.0571304 0.207523 0.0073)
(0.0698261 0.207523 0.0073)
(0.0825217 0.207523 0.0073)
(0.0952174 0.207523 0.0073)
(0.107913 0.207523 0.0073)
(0.120609 0.207523 0.0073)
(0.133304 0.207523 0.0073)
(0.146 0.207523 0.0073)
(0.158696 0.207523 0.0073)
(0.171391 0.207523 0.0073)
(0.184087 0.207523 0.0073)
(0.196783 0.207523 0.0073)
(0.209478 0.207523 0.0073)
(0.222174 0.207523 0.0073)
(0.23487 0.207523 0.0073)
(0.247565 0.207523 0.0073)
(0.260261 0.207523 0.0073)
(0.272957 0.207523 0.0073)
(0.285652 0.207523 0.0073)
(0.00634783 0.220285 0.0073)
(0.0190435 0.220285 0.0073)
(0.0317391 0.220285 0.0073)
(0.0444348 0.220285 0.0073)
(0.0571304 0.220285 0.0073)
(0.0698261 0.220285 0.0073)
(0.0825217 0.220285 0.0073)
(0.0952174 0.220285 0.0073)
(0.107913 0.220285 0.0073)
(0.120609 0.220285 0.0073)
(0.133304 0.220285 0.0073)
(0.146 0.220285 0.0073)
(0.158696 0.220285 0.0073)
(0.171391 0.220285 0.0073)
(0.184087 0.220285 0.0073)
(0.196783 0.220285 0.0073)
(0.209478 0.220285 0.0073)
(0.222174 0.220285 0.0073)
(0.23487 0.220285 0.0073)
(0.247565 0.220285 0.0073)
(0.260261 0.220285 0.0073)
(0.272957 0.220285 0.0073)
(0.285652 0.220285 0.0073)
(0.00634783 0.233047 0.0073)
(0.0190435 0.233047 0.0073)
(0.0317391 0.233047 0.0073)
(0.0444348 0.233047 0.0073)
(0.0571304 0.233047 0.0073)
(0.0698261 0.233047 0.0073)
(0.0825217 0.233047 0.0073)
(0.0952174 0.233047 0.0073)
(0.107913 0.233047 0.0073)
(0.120609 0.233047 0.0073)
(0.133304 0.233047 0.0073)
(0.146 0.233047 0.0073)
(0.158696 0.233047 0.0073)
(0.171391 0.233047 0.0073)
(0.184087 0.233047 0.0073)
(0.196783 0.233047 0.0073)
(0.209478 0.233047 0.0073)
(0.222174 0.233047 0.0073)
(0.23487 0.233047 0.0073)
(0.247565 0.233047 0.0073)
(0.260261 0.233047 0.0073)
(0.272957 0.233047 0.0073)
(0.285652 0.233047 0.0073)
(0.00634783 0.245809 0.0073)
(0.0190435 0.245809 0.0073)
(0.0317391 0.245809 0.0073)
(0.0444348 0.245809 0.0073)
(0.0571304 0.245809 0.0073)
(0.0698261 0.245809 0.0073)
(0.0825217 0.245809 0.0073)
(0.0952174 0.245809 0.0073)
(0.107913 0.245809 0.0073)
(0.120609 0.245809 0.0073)
(0.133304 0.245809 0.0073)
(0.146 0.245809 0.0073)
(0.158696 0.245809 0.0073)
(0.171391 0.245809 0.0073)
(0.184087 0.245809 0.0073)
(0.196783 0.245809 0.0073)
(0.209478 0.245809 0.0073)
(0.222174 0.245809 0.0073)
(0.23487 0.245809 0.0073)
(0.247565 0.245809 0.0073)
(0.260261 0.245809 0.0073)
(0.272957 0.245809 0.0073)
(0.285652 0.245809 0.0073)
(0.00634783 0.258571 0.0073)
(0.0190435 0.258571 0.0073)
(0.0317391 0.258571 0.0073)
(0.0444348 0.258571 0.0073)
(0.0571304 0.258571 0.0073)
(0.0698261 0.258571 0.0073)
(0.0825217 0.258571 0.0073)
(0.0952174 0.258571 0.0073)
(0.107913 0.258571 0.0073)
(0.120609 0.258571 0.0073)
(0.133304 0.258571 0.0073)
(0.146 0.258571 0.0073)
(0.158696 0.258571 0.0073)
(0.171391 0.258571 0.0073)
(0.184087 0.258571 0.0073)
(0.196783 0.258571 0.0073)
(0.209478 0.258571 0.0073)
(0.222174 0.258571 0.0073)
(0.23487 0.258571 0.0073)
(0.247565 0.258571 0.0073)
(0.260261 0.258571 0.0073)
(0.272957 0.258571 0.0073)
(0.285652 0.258571 0.0073)
(0.00634783 0.271333 0.0073)
(0.0190435 0.271333 0.0073)
(0.0317391 0.271333 0.0073)
(0.0444348 0.271333 0.0073)
(0.0571304 0.271333 0.0073)
(0.0698261 0.271333 0.0073)
(0.0825217 0.271333 0.0073)
(0.0952174 0.271333 0.0073)
(0.107913 0.271333 0.0073)
(0.120609 0.271333 0.0073)
(0.133304 0.271333 0.0073)
(0.146 0.271333 0.0073)
(0.158696 0.271333 0.0073)
(0.171391 0.271333 0.0073)
(0.184087 0.271333 0.0073)
(0.196783 0.271333 0.0073)
(0.209478 0.271333 0.0073)
(0.222174 0.271333 0.0073)
(0.23487 0.271333 0.0073)
(0.247565 0.271333 0.0073)
(0.260261 0.271333 0.0073)
(0.272957 0.271333 0.0073)
(0.285652 0.271333 0.0073)
(0.00634783 0.284095 0.0073)
(0.0190435 0.284095 0.0073)
(0.0317391 0.284095 0.0073)
(0.0444348 0.284095 0.0073)
(0.0571304 0.284095 0.0073)
(0.0698261 0.284095 0.0073)
(0.0825217 0.284095 0.0073)
(0.0952174 0.284095 0.0073)
(0.107913 0.284095 0.0073)
(0.120609 0.284095 0.0073)
(0.133304 0.284095 0.0073)
(0.146 0.284095 0.0073)
(0.158696 0.284095 0.0073)
(0.171391 0.284095 0.0073)
(0.184087 0.284095 0.0073)
(0.196783 0.284095 0.0073)
(0.209478 0.284095 0.0073)
(0.222174 0.284095 0.0073)
(0.23487 0.284095 0.0073)
(0.247565 0.284095 0.0073)
(0.260261 0.284095 0.0073)
(0.272957 0.284095 0.0073)
(0.285652 0.284095 0.0073)
(0.00634783 0.296857 0.0073)
(0.0190435 0.296857 0.0073)
(0.0317391 0.296857 0.0073)
(0.0444348 0.296857 0.0073)
(0.0571304 0.296857 0.0073)
(0.0698261 0.296857 0.0073)
(0.0825217 0.296857 0.0073)
(0.0952174 0.296857 0.0073)
(0.107913 0.296857 0.0073)
(0.120609 0.296857 0.0073)
(0.133304 0.296857 0.0073)
(0.146 0.296857 0.0073)
(0.158696 0.296857 0.0073)
(0.171391 0.296857 0.0073)
(0.184087 0.296857 0.0073)
(0.196783 0.296857 0.0073)
(0.209478 0.296857 0.0073)
(0.222174 0.296857 0.0073)
(0.23487 0.296857 0.0073)
(0.247565 0.296857 0.0073)
(0.260261 0.296857 0.0073)
(0.272957 0.296857 0.0073)
(0.285652 0.296857 0.0073)
(0.00634783 0.309619 0.0073)
(0.0190435 0.309619 0.0073)
(0.0317391 0.309619 0.0073)
(0.0444348 0.309619 0.0073)
(0.0571304 0.309619 0.0073)
(0.0698261 0.309619 0.0073)
(0.0825217 0.309619 0.0073)
(0.0952174 0.309619 0.0073)
(0.107913 0.309619 0.0073)
(0.120609 0.309619 0.0073)
(0.133304 0.309619 0.0073)
(0.146 0.309619 0.0073)
(0.158696 0.309619 0.0073)
(0.171391 0.309619 0.0073)
(0.184087 0.309619 0.0073)
(0.196783 0.309619 0.0073)
(0.209478 0.309619 0.0073)
(0.222174 0.309619 0.0073)
(0.23487 0.309619 0.0073)
(0.247565 0.309619 0.0073)
(0.260261 0.309619 0.0073)
(0.272957 0.309619 0.0073)
(0.285652 0.309619 0.0073)
(0.00634783 0.32238 0.0073)
(0.0190435 0.32238 0.0073)
(0.0317391 0.32238 0.0073)
(0.0444348 0.32238 0.0073)
(0.0571304 0.32238 0.0073)
(0.0698261 0.32238 0.0073)
(0.0825217 0.32238 0.0073)
(0.0952174 0.32238 0.0073)
(0.107913 0.32238 0.0073)
(0.120609 0.32238 0.0073)
(0.133304 0.32238 0.0073)
(0.146 0.32238 0.0073)
(0.158696 0.32238 0.0073)
(0.171391 0.32238 0.0073)
(0.184087 0.32238 0.0073)
(0.196783 0.32238 0.0073)
(0.209478 0.32238 0.0073)
(0.222174 0.32238 0.0073)
(0.23487 0.32238 0.0073)
(0.247565 0.32238 0.0073)
(0.260261 0.32238 0.0073)
(0.272957 0.32238 0.0073)
(0.285652 0.32238 0.0073)
(0.00634783 0.335142 0.0073)
(0.0190435 0.335142 0.0073)
(0.0317391 0.335142 0.0073)
(0.0444348 0.335142 0.0073)
(0.0571304 0.335142 0.0073)
(0.0698261 0.335142 0.0073)
(0.0825217 0.335142 0.0073)
(0.0952174 0.335142 0.0073)
(0.107913 0.335142 0.0073)
(0.120609 0.335142 0.0073)
(0.133304 0.335142 0.0073)
(0.146 0.335142 0.0073)
(0.158696 0.335142 0.0073)
(0.171391 0.335142 0.0073)
(0.184087 0.335142 0.0073)
(0.196783 0.335142 0.0073)
(0.209478 0.335142 0.0073)
(0.222174 0.335142 0.0073)
(0.23487 0.335142 0.0073)
(0.247565 0.335142 0.0073)
(0.260261 0.335142 0.0073)
(0.272957 0.335142 0.0073)
(0.285652 0.335142 0.0073)
(0.00634783 0.347904 0.0073)
(0.0190435 0.347904 0.0073)
(0.0317391 0.347904 0.0073)
(0.0444348 0.347904 0.0073)
(0.0571304 0.347904 0.0073)
(0.0698261 0.347904 0.0073)
(0.0825217 0.347904 0.0073)
(0.0952174 0.347904 0.0073)
(0.107913 0.347904 0.0073)
(0.120609 0.347904 0.0073)
(0.133304 0.347904 0.0073)
(0.146 0.347904 0.0073)
(0.158696 0.347904 0.0073)
(0.171391 0.347904 0.0073)
(0.184087 0.347904 0.0073)
(0.196783 0.347904 0.0073)
(0.209478 0.347904 0.0073)
(0.222174 0.347904 0.0073)
(0.23487 0.347904 0.0073)
(0.247565 0.347904 0.0073)
(0.260261 0.347904 0.0073)
(0.272957 0.347904 0.0073)
(0.285652 0.347904 0.0073)
(0.00634783 0.360666 0.0073)
(0.0190435 0.360666 0.0073)
(0.0317391 0.360666 0.0073)
(0.0444348 0.360666 0.0073)
(0.0571304 0.360666 0.0073)
(0.0698261 0.360666 0.0073)
(0.0825217 0.360666 0.0073)
(0.0952174 0.360666 0.0073)
(0.107913 0.360666 0.0073)
(0.120609 0.360666 0.0073)
(0.133304 0.360666 0.0073)
(0.146 0.360666 0.0073)
(0.158696 0.360666 0.0073)
(0.171391 0.360666 0.0073)
(0.184087 0.360666 0.0073)
(0.196783 0.360666 0.0073)
(0.209478 0.360666 0.0073)
(0.222174 0.360666 0.0073)
(0.23487 0.360666 0.0073)
(0.247565 0.360666 0.0073)
(0.260261 0.360666 0.0073)
(0.272957 0.360666 0.0073)
(0.285652 0.360666 0.0073)
(0.00634783 0.373428 0.0073)
(0.0190435 0.373428 0.0073)
(0.0317391 0.373428 0.0073)
(0.0444348 0.373428 0.0073)
(0.0571304 0.373428 0.0073)
(0.0698261 0.373428 0.0073)
(0.0825217 0.373428 0.0073)
(0.0952174 0.373428 0.0073)
(0.107913 0.373428 0.0073)
(0.120609 0.373428 0.0073)
(0.133304 0.373428 0.0073)
(0.146 0.373428 0.0073)
(0.158696 0.373428 0.0073)
(0.171391 0.373428 0.0073)
(0.184087 0.373428 0.0073)
(0.196783 0.373428 0.0073)
(0.209478 0.373428 0.0073)
(0.222174 0.373428 0.0073)
(0.23487 0.373428 0.0073)
(0.247565 0.373428 0.0073)
(0.260261 0.373428 0.0073)
(0.272957 0.373428 0.0073)
(0.285652 0.373428 0.0073)
(0.00634783 0.38619 0.0073)
(0.0190435 0.38619 0.0073)
(0.0317391 0.38619 0.0073)
(0.0444348 0.38619 0.0073)
(0.0571304 0.38619 0.0073)
(0.0698261 0.38619 0.0073)
(0.0825217 0.38619 0.0073)
(0.0952174 0.38619 0.0073)
(0.107913 0.38619 0.0073)
(0.120609 0.38619 0.0073)
(0.133304 0.38619 0.0073)
(0.146 0.38619 0.0073)
(0.158696 0.38619 0.0073)
(0.171391 0.38619 0.0073)
(0.184087 0.38619 0.0073)
(0.196783 0.38619 0.0073)
(0.209478 0.38619 0.0073)
(0.222174 0.38619 0.0073)
(0.23487 0.38619 0.0073)
(0.247565 0.38619 0.0073)
(0.260261 0.38619 0.0073)
(0.272957 0.38619 0.0073)
(0.285652 0.38619 0.0073)
(0.00634783 0.398952 0.0073)
(0.0190435 0.398952 0.0073)
(0.0317391 0.398952 0.0073)
(0.0444348 0.398952 0.0073)
(0.0571304 0.398952 0.0073)
(0.0698261 0.398952 0.0073)
(0.0825217 0.398952 0.0073)
(0.0952174 0.398952 0.0073)
(0.107913 0.398952 0.0073)
(0.120609 0.398952 0.0073)
(0.133304 0.398952 0.0073)
(0.146 0.398952 0.0073)
(0.158696 0.398952 0.0073)
(0.171391 0.398952 0.0073)
(0.184087 0.398952 0.0073)
(0.196783 0.398952 0.0073)
(0.209478 0.398952 0.0073)
(0.222174 0.398952 0.0073)
(0.23487 0.398952 0.0073)
(0.247565 0.398952 0.0073)
(0.260261 0.398952 0.0073)
(0.272957 0.398952 0.0073)
(0.285652 0.398952 0.0073)
(0.00634783 0.411714 0.0073)
(0.0190435 0.411714 0.0073)
(0.0317391 0.411714 0.0073)
(0.0444348 0.411714 0.0073)
(0.0571304 0.411714 0.0073)
(0.0698261 0.411714 0.0073)
(0.0825217 0.411714 0.0073)
(0.0952174 0.411714 0.0073)
(0.107913 0.411714 0.0073)
(0.120609 0.411714 0.0073)
(0.133304 0.411714 0.0073)
(0.146 0.411714 0.0073)
(0.158696 0.411714 0.0073)
(0.171391 0.411714 0.0073)
(0.184087 0.411714 0.0073)
(0.196783 0.411714 0.0073)
(0.209478 0.411714 0.0073)
(0.222174 0.411714 0.0073)
(0.23487 0.411714 0.0073)
(0.247565 0.411714 0.0073)
(0.260261 0.411714 0.0073)
(0.272957 0.411714 0.0073)
(0.285652 0.411714 0.0073)
(0.00634783 0.424476 0.0073)
(0.0190435 0.424476 0.0073)
(0.0317391 0.424476 0.0073)
(0.0444348 0.424476 0.0073)
(0.0571304 0.424476 0.0073)
(0.0698261 0.424476 0.0073)
(0.0825217 0.424476 0.0073)
(0.0952174 0.424476 0.0073)
(0.107913 0.424476 0.0073)
(0.120609 0.424476 0.0073)
(0.133304 0.424476 0.0073)
(0.146 0.424476 0.0073)
(0.158696 0.424476 0.0073)
(0.171391 0.424476 0.0073)
(0.184087 0.424476 0.0073)
(0.196783 0.424476 0.0073)
(0.209478 0.424476 0.0073)
(0.222174 0.424476 0.0073)
(0.23487 0.424476 0.0073)
(0.247565 0.424476 0.0073)
(0.260261 0.424476 0.0073)
(0.272957 0.424476 0.0073)
(0.285652 0.424476 0.0073)
(0.00634783 0.437238 0.0073)
(0.0190435 0.437238 0.0073)
(0.0317391 0.437238 0.0073)
(0.0444348 0.437238 0.0073)
(0.0571304 0.437238 0.0073)
(0.0698261 0.437238 0.0073)
(0.0825217 0.437238 0.0073)
(0.0952174 0.437238 0.0073)
(0.107913 0.437238 0.0073)
(0.120609 0.437238 0.0073)
(0.133304 0.437238 0.0073)
(0.146 0.437238 0.0073)
(0.158696 0.437238 0.0073)
(0.171391 0.437238 0.0073)
(0.184087 0.437238 0.0073)
(0.196783 0.437238 0.0073)
(0.209478 0.437238 0.0073)
(0.222174 0.437238 0.0073)
(0.23487 0.437238 0.0073)
(0.247565 0.437238 0.0073)
(0.260261 0.437238 0.0073)
(0.272957 0.437238 0.0073)
(0.285652 0.437238 0.0073)
(0.00634783 0.45 0.0073)
(0.0190435 0.45 0.0073)
(0.0317391 0.45 0.0073)
(0.0444348 0.45 0.0073)
(0.0571304 0.45 0.0073)
(0.0698261 0.45 0.0073)
(0.0825217 0.45 0.0073)
(0.0952174 0.45 0.0073)
(0.107913 0.45 0.0073)
(0.120609 0.45 0.0073)
(0.133304 0.45 0.0073)
(0.146 0.45 0.0073)
(0.158696 0.45 0.0073)
(0.171391 0.45 0.0073)
(0.184087 0.45 0.0073)
(0.196783 0.45 0.0073)
(0.209478 0.45 0.0073)
(0.222174 0.45 0.0073)
(0.23487 0.45 0.0073)
(0.247565 0.45 0.0073)
(0.260261 0.45 0.0073)
(0.272957 0.45 0.0073)
(0.285652 0.45 0.0073)
(0.00634783 0.462762 0.0073)
(0.0190435 0.462762 0.0073)
(0.0317391 0.462762 0.0073)
(0.0444348 0.462762 0.0073)
(0.0571304 0.462762 0.0073)
(0.0698261 0.462762 0.0073)
(0.0825217 0.462762 0.0073)
(0.0952174 0.462762 0.0073)
(0.107913 0.462762 0.0073)
(0.120609 0.462762 0.0073)
(0.133304 0.462762 0.0073)
(0.146 0.462762 0.0073)
(0.158696 0.462762 0.0073)
(0.171391 0.462762 0.0073)
(0.184087 0.462762 0.0073)
(0.196783 0.462762 0.0073)
(0.209478 0.462762 0.0073)
(0.222174 0.462762 0.0073)
(0.23487 0.462762 0.0073)
(0.247565 0.462762 0.0073)
(0.260261 0.462762 0.0073)
(0.272957 0.462762 0.0073)
(0.285652 0.462762 0.0073)
(0.00634783 0.475524 0.0073)
(0.0190435 0.475524 0.0073)
(0.0317391 0.475524 0.0073)
(0.0444348 0.475524 0.0073)
(0.0571304 0.475524 0.0073)
(0.0698261 0.475524 0.0073)
(0.0825217 0.475524 0.0073)
(0.0952174 0.475524 0.0073)
(0.107913 0.475524 0.0073)
(0.120609 0.475524 0.0073)
(0.133304 0.475524 0.0073)
(0.146 0.475524 0.0073)
(0.158696 0.475524 0.0073)
(0.171391 0.475524 0.0073)
(0.184087 0.475524 0.0073)
(0.196783 0.475524 0.0073)
(0.209478 0.475524 0.0073)
(0.222174 0.475524 0.0073)
(0.23487 0.475524 0.0073)
(0.247565 0.475524 0.0073)
(0.260261 0.475524 0.0073)
(0.272957 0.475524 0.0073)
(0.285652 0.475524 0.0073)
(0.00634783 0.488286 0.0073)
(0.0190435 0.488286 0.0073)
(0.0317391 0.488286 0.0073)
(0.0444348 0.488286 0.0073)
(0.0571304 0.488286 0.0073)
(0.0698261 0.488286 0.0073)
(0.0825217 0.488286 0.0073)
(0.0952174 0.488286 0.0073)
(0.107913 0.488286 0.0073)
(0.120609 0.488286 0.0073)
(0.133304 0.488286 0.0073)
(0.146 0.488286 0.0073)
(0.158696 0.488286 0.0073)
(0.171391 0.488286 0.0073)
(0.184087 0.488286 0.0073)
(0.196783 0.488286 0.0073)
(0.209478 0.488286 0.0073)
(0.222174 0.488286 0.0073)
(0.23487 0.488286 0.0073)
(0.247565 0.488286 0.0073)
(0.260261 0.488286 0.0073)
(0.272957 0.488286 0.0073)
(0.285652 0.488286 0.0073)
(0.00634783 0.501047 0.0073)
(0.0190435 0.501047 0.0073)
(0.0317391 0.501047 0.0073)
(0.0444348 0.501047 0.0073)
(0.0571304 0.501047 0.0073)
(0.0698261 0.501047 0.0073)
(0.0825217 0.501047 0.0073)
(0.0952174 0.501047 0.0073)
(0.107913 0.501047 0.0073)
(0.120609 0.501047 0.0073)
(0.133304 0.501047 0.0073)
(0.146 0.501047 0.0073)
(0.158696 0.501047 0.0073)
(0.171391 0.501047 0.0073)
(0.184087 0.501047 0.0073)
(0.196783 0.501047 0.0073)
(0.209478 0.501047 0.0073)
(0.222174 0.501047 0.0073)
(0.23487 0.501047 0.0073)
(0.247565 0.501047 0.0073)
(0.260261 0.501047 0.0073)
(0.272957 0.501047 0.0073)
(0.285652 0.501047 0.0073)
(0.00634783 0.513809 0.0073)
(0.0190435 0.513809 0.0073)
(0.0317391 0.513809 0.0073)
(0.0444348 0.513809 0.0073)
(0.0571304 0.513809 0.0073)
(0.0698261 0.513809 0.0073)
(0.0825217 0.513809 0.0073)
(0.0952174 0.513809 0.0073)
(0.107913 0.513809 0.0073)
(0.120609 0.513809 0.0073)
(0.133304 0.513809 0.0073)
(0.146 0.513809 0.0073)
(0.158696 0.513809 0.0073)
(0.171391 0.513809 0.0073)
(0.184087 0.513809 0.0073)
(0.196783 0.513809 0.0073)
(0.209478 0.513809 0.0073)
(0.222174 0.513809 0.0073)
(0.23487 0.513809 0.0073)
(0.247565 0.513809 0.0073)
(0.260261 0.513809 0.0073)
(0.272957 0.513809 0.0073)
(0.285652 0.513809 0.0073)
(0.00634783 0.526571 0.0073)
(0.0190435 0.526571 0.0073)
(0.0317391 0.526571 0.0073)
(0.0444348 0.526571 0.0073)
(0.0571304 0.526571 0.0073)
(0.0698261 0.526571 0.0073)
(0.0825217 0.526571 0.0073)
(0.0952174 0.526571 0.0073)
(0.107913 0.526571 0.0073)
(0.120609 0.526571 0.0073)
(0.133304 0.526571 0.0073)
(0.146 0.526571 0.0073)
(0.158696 0.526571 0.0073)
(0.171391 0.526571 0.0073)
(0.184087 0.526571 0.0073)
(0.196783 0.526571 0.0073)
(0.209478 0.526571 0.0073)
(0.222174 0.526571 0.0073)
(0.23487 0.526571 0.0073)
(0.247565 0.526571 0.0073)
(0.260261 0.526571 0.0073)
(0.272957 0.526571 0.0073)
(0.285652 0.526571 0.0073)
(0.00634783 0.539333 0.0073)
(0.0190435 0.539333 0.0073)
(0.0317391 0.539333 0.0073)
(0.0444348 0.539333 0.0073)
(0.0571304 0.539333 0.0073)
(0.0698261 0.539333 0.0073)
(0.0825217 0.539333 0.0073)
(0.0952174 0.539333 0.0073)
(0.107913 0.539333 0.0073)
(0.120609 0.539333 0.0073)
(0.133304 0.539333 0.0073)
(0.146 0.539333 0.0073)
(0.158696 0.539333 0.0073)
(0.171391 0.539333 0.0073)
(0.184087 0.539333 0.0073)
(0.196783 0.539333 0.0073)
(0.209478 0.539333 0.0073)
(0.222174 0.539333 0.0073)
(0.23487 0.539333 0.0073)
(0.247565 0.539333 0.0073)
(0.260261 0.539333 0.0073)
(0.272957 0.539333 0.0073)
(0.285652 0.539333 0.0073)
(0.00634783 0.552095 0.0073)
(0.0190435 0.552095 0.0073)
(0.0317391 0.552095 0.0073)
(0.0444348 0.552095 0.0073)
(0.0571304 0.552095 0.0073)
(0.0698261 0.552095 0.0073)
(0.0825217 0.552095 0.0073)
(0.0952174 0.552095 0.0073)
(0.107913 0.552095 0.0073)
(0.120609 0.552095 0.0073)
(0.133304 0.552095 0.0073)
(0.146 0.552095 0.0073)
(0.158696 0.552095 0.0073)
(0.171391 0.552095 0.0073)
(0.184087 0.552095 0.0073)
(0.196783 0.552095 0.0073)
(0.209478 0.552095 0.0073)
(0.222174 0.552095 0.0073)
(0.23487 0.552095 0.0073)
(0.247565 0.552095 0.0073)
(0.260261 0.552095 0.0073)
(0.272957 0.552095 0.0073)
(0.285652 0.552095 0.0073)
(0.00634783 0.564857 0.0073)
(0.0190435 0.564857 0.0073)
(0.0317391 0.564857 0.0073)
(0.0444348 0.564857 0.0073)
(0.0571304 0.564857 0.0073)
(0.0698261 0.564857 0.0073)
(0.0825217 0.564857 0.0073)
(0.0952174 0.564857 0.0073)
(0.107913 0.564857 0.0073)
(0.120609 0.564857 0.0073)
(0.133304 0.564857 0.0073)
(0.146 0.564857 0.0073)
(0.158696 0.564857 0.0073)
(0.171391 0.564857 0.0073)
(0.184087 0.564857 0.0073)
(0.196783 0.564857 0.0073)
(0.209478 0.564857 0.0073)
(0.222174 0.564857 0.0073)
(0.23487 0.564857 0.0073)
(0.247565 0.564857 0.0073)
(0.260261 0.564857 0.0073)
(0.272957 0.564857 0.0073)
(0.285652 0.564857 0.0073)
(0.00634783 0.577619 0.0073)
(0.0190435 0.577619 0.0073)
(0.0317391 0.577619 0.0073)
(0.0444348 0.577619 0.0073)
(0.0571304 0.577619 0.0073)
(0.0698261 0.577619 0.0073)
(0.0825217 0.577619 0.0073)
(0.0952174 0.577619 0.0073)
(0.107913 0.577619 0.0073)
(0.120609 0.577619 0.0073)
(0.133304 0.577619 0.0073)
(0.146 0.577619 0.0073)
(0.158696 0.577619 0.0073)
(0.171391 0.577619 0.0073)
(0.184087 0.577619 0.0073)
(0.196783 0.577619 0.0073)
(0.209478 0.577619 0.0073)
(0.222174 0.577619 0.0073)
(0.23487 0.577619 0.0073)
(0.247565 0.577619 0.0073)
(0.260261 0.577619 0.0073)
(0.272957 0.577619 0.0073)
(0.285652 0.577619 0.0073)
(0.295 0.0543799 0.0073)
(0.301 0.0543799 0.0073)
(0.307 0.0543799 0.0073)
(0.313 0.0543799 0.0073)
(0.295 0.0671419 0.0073)
(0.301 0.0671419 0.0073)
(0.307 0.0671419 0.0073)
(0.313 0.0671419 0.0073)
(0.295 0.0799038 0.0073)
(0.301 0.0799038 0.0073)
(0.307 0.0799038 0.0073)
(0.313 0.0799038 0.0073)
(0.295 0.0926657 0.0073)
(0.301 0.0926657 0.0073)
(0.307 0.0926657 0.0073)
(0.313 0.0926657 0.0073)
(0.295 0.105428 0.0073)
(0.301 0.105428 0.0073)
(0.307 0.105428 0.0073)
(0.313 0.105428 0.0073)
(0.295 0.11819 0.0073)
(0.301 0.11819 0.0073)
(0.307 0.11819 0.0073)
(0.313 0.11819 0.0073)
(0.295 0.130952 0.0073)
(0.301 0.130952 0.0073)
(0.307 0.130952 0.0073)
(0.313 0.130952 0.0073)
(0.295 0.143713 0.0073)
(0.301 0.143713 0.0073)
(0.307 0.143713 0.0073)
(0.313 0.143713 0.0073)
(0.295 0.156475 0.0073)
(0.301 0.156475 0.0073)
(0.307 0.156475 0.0073)
(0.313 0.156475 0.0073)
(0.295 0.169237 0.0073)
(0.301 0.169237 0.0073)
(0.307 0.169237 0.0073)
(0.313 0.169237 0.0073)
(0.295 0.181999 0.0073)
(0.301 0.181999 0.0073)
(0.307 0.181999 0.0073)
(0.313 0.181999 0.0073)
(0.295 0.194761 0.0073)
(0.301 0.194761 0.0073)
(0.307 0.194761 0.0073)
(0.313 0.194761 0.0073)
(0.295 0.207523 0.0073)
(0.301 0.207523 0.0073)
(0.307 0.207523 0.0073)
(0.313 0.207523 0.0073)
(0.295 0.220285 0.0073)
(0.301 0.220285 0.0073)
(0.307 0.220285 0.0073)
(0.313 0.220285 0.0073)
(0.295 0.233047 0.0073)
(0.301 0.233047 0.0073)
(0.307 0.233047 0.0073)
(0.313 0.233047 0.0073)
(0.295 0.245809 0.0073)
(0.301 0.245809 0.0073)
(0.307 0.245809 0.0073)
(0.313 0.245809 0.0073)
(0.295 0.258571 0.0073)
(0.301 0.258571 0.0073)
(0.307 0.258571 0.0073)
(0.313 0.258571 0.0073)
(0.295 0.271333 0.0073)
(0.301 0.271333 0.0073)
(0.307 0.271333 0.0073)
(0.313 0.271333 0.0073)
(0.295 0.284095 0.0073)
(0.301 0.284095 0.0073)
(0.307 0.284095 0.0073)
(0.313 0.284095 0.0073)
(0.295 0.296857 0.0073)
(0.301 0.296857 0.0073)
(0.307 0.296857 0.0073)
(0.313 0.296857 0.0073)
(0.295 0.309619 0.0073)
(0.301 0.309619 0.0073)
(0.307 0.309619 0.0073)
(0.313 0.309619 0.0073)
(0.295 0.32238 0.0073)
(0.301 0.32238 0.0073)
(0.307 0.32238 0.0073)
(0.313 0.32238 0.0073)
(0.295 0.335142 0.0073)
(0.301 0.335142 0.0073)
(0.307 0.335142 0.0073)
(0.313 0.335142 0.0073)
(0.295 0.347904 0.0073)
(0.301 0.347904 0.0073)
(0.307 0.347904 0.0073)
(0.313 0.347904 0.0073)
(0.295 0.360666 0.0073)
(0.301 0.360666 0.0073)
(0.307 0.360666 0.0073)
(0.313 0.360666 0.0073)
(0.295 0.373428 0.0073)
(0.301 0.373428 0.0073)
(0.307 0.373428 0.0073)
(0.313 0.373428 0.0073)
(0.295 0.38619 0.0073)
(0.301 0.38619 0.0073)
(0.307 0.38619 0.0073)
(0.313 0.38619 0.0073)
(0.295 0.398952 0.0073)
(0.301 0.398952 0.0073)
(0.307 0.398952 0.0073)
(0.313 0.398952 0.0073)
(0.295 0.411714 0.0073)
(0.301 0.411714 0.0073)
(0.307 0.411714 0.0073)
(0.313 0.411714 0.0073)
(0.295 0.424476 0.0073)
(0.301 0.424476 0.0073)
(0.307 0.424476 0.0073)
(0.313 0.424476 0.0073)
(0.295 0.437238 0.0073)
(0.301 0.437238 0.0073)
(0.307 0.437238 0.0073)
(0.313 0.437238 0.0073)
(0.295 0.45 0.0073)
(0.301 0.45 0.0073)
(0.307 0.45 0.0073)
(0.313 0.45 0.0073)
(0.295 0.462762 0.0073)
(0.301 0.462762 0.0073)
(0.307 0.462762 0.0073)
(0.313 0.462762 0.0073)
(0.295 0.475524 0.0073)
(0.301 0.475524 0.0073)
(0.307 0.475524 0.0073)
(0.313 0.475524 0.0073)
(0.295 0.488286 0.0073)
(0.301 0.488286 0.0073)
(0.307 0.488286 0.0073)
(0.313 0.488286 0.0073)
(0.295 0.501047 0.0073)
(0.301 0.501047 0.0073)
(0.307 0.501047 0.0073)
(0.313 0.501047 0.0073)
(0.295 0.513809 0.0073)
(0.301 0.513809 0.0073)
(0.307 0.513809 0.0073)
(0.313 0.513809 0.0073)
(0.295 0.526571 0.0073)
(0.301 0.526571 0.0073)
(0.307 0.526571 0.0073)
(0.313 0.526571 0.0073)
(0.295 0.539333 0.0073)
(0.301 0.539333 0.0073)
(0.307 0.539333 0.0073)
(0.313 0.539333 0.0073)
(0.295 0.552095 0.0073)
(0.301 0.552095 0.0073)
(0.307 0.552095 0.0073)
(0.313 0.552095 0.0073)
(0.295 0.564857 0.0073)
(0.301 0.564857 0.0073)
(0.307 0.564857 0.0073)
(0.313 0.564857 0.0073)
(0.295 0.577619 0.0073)
(0.301 0.577619 0.0073)
(0.307 0.577619 0.0073)
(0.313 0.577619 0.0073)
(0.323052 0.0543799 0.0073)
(0.337157 0.0543799 0.0073)
(0.351263 0.0543799 0.0073)
(0.365368 0.0543799 0.0073)
(0.379473 0.0543799 0.0073)
(0.393579 0.0543799 0.0073)
(0.407684 0.0543799 0.0073)
(0.421789 0.0543799 0.0073)
(0.435894 0.0543799 0.0073)
(0.45 0.0543799 0.0073)
(0.464105 0.0543799 0.0073)
(0.47821 0.0543799 0.0073)
(0.492316 0.0543799 0.0073)
(0.506421 0.0543799 0.0073)
(0.520526 0.0543799 0.0073)
(0.534631 0.0543799 0.0073)
(0.548737 0.0543799 0.0073)
(0.562842 0.0543799 0.0073)
(0.576947 0.0543799 0.0073)
(0.323052 0.0671419 0.0073)
(0.337157 0.0671419 0.0073)
(0.351263 0.0671419 0.0073)
(0.365368 0.0671419 0.0073)
(0.379473 0.0671419 0.0073)
(0.393579 0.0671419 0.0073)
(0.407684 0.0671419 0.0073)
(0.421789 0.0671419 0.0073)
(0.435894 0.0671419 0.0073)
(0.45 0.0671419 0.0073)
(0.464105 0.0671419 0.0073)
(0.47821 0.0671419 0.0073)
(0.492316 0.0671419 0.0073)
(0.506421 0.0671419 0.0073)
(0.520526 0.0671419 0.0073)
(0.534631 0.0671419 0.0073)
(0.548737 0.0671419 0.0073)
(0.562842 0.0671419 0.0073)
(0.576947 0.0671419 0.0073)
(0.323052 0.0799038 0.0073)
(0.337157 0.0799038 0.0073)
(0.351263 0.0799038 0.0073)
(0.365368 0.0799038 0.0073)
(0.379473 0.0799038 0.0073)
(0.393579 0.0799038 0.0073)
(0.407684 0.0799038 0.0073)
(0.421789 0.0799038 0.0073)
(0.435894 0.0799038 0.0073)
(0.45 0.0799038 0.0073)
(0.464105 0.0799038 0.0073)
(0.47821 0.0799038 0.0073)
(0.492316 0.0799038 0.0073)
(0.506421 0.0799038 0.0073)
(0.520526 0.0799038 0.0073)
(0.534631 0.0799038 0.0073)
(0.548737 0.0799038 0.0073)
(0.562842 0.0799038 0.0073)
(0.576947 0.0799038 0.0073)
(0.323052 0.0926657 0.0073)
(0.337157 0.0926657 0.0073)
(0.351263 0.0926657 0.0073)
(0.365368 0.0926657 0.0073)
(0.379473 0.0926657 0.0073)
(0.393579 0.0926657 0.0073)
(0.407684 0.0926657 0.0073)
(0.421789 0.0926657 0.0073)
(0.435894 0.0926657 0.0073)
(0.45 0.0926657 0.0073)
(0.464105 0.0926657 0.0073)
(0.47821 0.0926657 0.0073)
(0.492316 0.0926657 0.0073)
(0.506421 0.0926657 0.0073)
(0.520526 0.0926657 0.0073)
(0.534631 0.0926657 0.0073)
(0.548737 0.0926657 0.0073)
(0.562842 0.0926657 0.0073)
(0.576947 0.0926657 0.0073)
(0.323052 0.105428 0.0073)
(0.337157 0.105428 0.0073)
(0.351263 0.105428 0.0073)
(0.365368 0.105428 0.0073)
(0.379473 0.105428 0.0073)
(0.393579 0.105428 0.0073)
(0.407684 0.105428 0.0073)
(0.421789 0.105428 0.0073)
(0.435894 0.105428 0.0073)
(0.45 0.105428 0.0073)
(0.464105 0.105428 0.0073)
(0.47821 0.105428 0.0073)
(0.492316 0.105428 0.0073)
(0.506421 0.105428 0.0073)
(0.520526 0.105428 0.0073)
(0.534631 0.105428 0.0073)
(0.548737 0.105428 0.0073)
(0.562842 0.105428 0.0073)
(0.576947 0.105428 0.0073)
(0.323052 0.11819 0.0073)
(0.337157 0.11819 0.0073)
(0.351263 0.11819 0.0073)
(0.365368 0.11819 0.0073)
(0.379473 0.11819 0.0073)
(0.393579 0.11819 0.0073)
(0.407684 0.11819 0.0073)
(0.421789 0.11819 0.0073)
(0.435894 0.11819 0.0073)
(0.45 0.11819 0.0073)
(0.464105 0.11819 0.0073)
(0.47821 0.11819 0.0073)
(0.492316 0.11819 0.0073)
(0.506421 0.11819 0.0073)
(0.520526 0.11819 0.0073)
(0.534631 0.11819 0.0073)
(0.548737 0.11819 0.0073)
(0.562842 0.11819 0.0073)
(0.576947 0.11819 0.0073)
(0.323052 0.130952 0.0073)
(0.337157 0.130952 0.0073)
(0.351263 0.130952 0.0073)
(0.365368 0.130952 0.0073)
(0.379473 0.130952 0.0073)
(0.393579 0.130952 0.0073)
(0.407684 0.130952 0.0073)
(0.421789 0.130952 0.0073)
(0.435894 0.130952 0.0073)
(0.45 0.130952 0.0073)
(0.464105 0.130952 0.0073)
(0.47821 0.130952 0.0073)
(0.492316 0.130952 0.0073)
(0.506421 0.130952 0.0073)
(0.520526 0.130952 0.0073)
(0.534631 0.130952 0.0073)
(0.548737 0.130952 0.0073)
(0.562842 0.130952 0.0073)
(0.576947 0.130952 0.0073)
(0.323052 0.143713 0.0073)
(0.337157 0.143713 0.0073)
(0.351263 0.143713 0.0073)
(0.365368 0.143713 0.0073)
(0.379473 0.143713 0.0073)
(0.393579 0.143713 0.0073)
(0.407684 0.143713 0.0073)
(0.421789 0.143713 0.0073)
(0.435894 0.143713 0.0073)
(0.45 0.143713 0.0073)
(0.464105 0.143713 0.0073)
(0.47821 0.143713 0.0073)
(0.492316 0.143713 0.0073)
(0.506421 0.143713 0.0073)
(0.520526 0.143713 0.0073)
(0.534631 0.143713 0.0073)
(0.548737 0.143713 0.0073)
(0.562842 0.143713 0.0073)
(0.576947 0.143713 0.0073)
(0.323052 0.156475 0.0073)
(0.337157 0.156475 0.0073)
(0.351263 0.156475 0.0073)
(0.365368 0.156475 0.0073)
(0.379473 0.156475 0.0073)
(0.393579 0.156475 0.0073)
(0.407684 0.156475 0.0073)
(0.421789 0.156475 0.0073)
(0.435894 0.156475 0.0073)
(0.45 0.156475 0.0073)
(0.464105 0.156475 0.0073)
(0.47821 0.156475 0.0073)
(0.492316 0.156475 0.0073)
(0.506421 0.156475 0.0073)
(0.520526 0.156475 0.0073)
(0.534631 0.156475 0.0073)
(0.548737 0.156475 0.0073)
(0.562842 0.156475 0.0073)
(0.576947 0.156475 0.0073)
(0.323052 0.169237 0.0073)
(0.337157 0.169237 0.0073)
(0.351263 0.169237 0.0073)
(0.365368 0.169237 0.0073)
(0.379473 0.169237 0.0073)
(0.393579 0.169237 0.0073)
(0.407684 0.169237 0.0073)
(0.421789 0.169237 0.0073)
(0.435894 0.169237 0.0073)
(0.45 0.169237 0.0073)
(0.464105 0.169237 0.0073)
(0.47821 0.169237 0.0073)
(0.492316 0.169237 0.0073)
(0.506421 0.169237 0.0073)
(0.520526 0.169237 0.0073)
(0.534631 0.169237 0.0073)
(0.548737 0.169237 0.0073)
(0.562842 0.169237 0.0073)
(0.576947 0.169237 0.0073)
(0.323052 0.181999 0.0073)
(0.337157 0.181999 0.0073)
(0.351263 0.181999 0.0073)
(0.365368 0.181999 0.0073)
(0.379473 0.181999 0.0073)
(0.393579 0.181999 0.0073)
(0.407684 0.181999 0.0073)
(0.421789 0.181999 0.0073)
(0.435894 0.181999 0.0073)
(0.45 0.181999 0.0073)
(0.464105 0.181999 0.0073)
(0.47821 0.181999 0.0073)
(0.492316 0.181999 0.0073)
(0.506421 0.181999 0.0073)
(0.520526 0.181999 0.0073)
(0.534631 0.181999 0.0073)
(0.548737 0.181999 0.0073)
(0.562842 0.181999 0.0073)
(0.576947 0.181999 0.0073)
(0.323052 0.194761 0.0073)
(0.337157 0.194761 0.0073)
(0.351263 0.194761 0.0073)
(0.365368 0.194761 0.0073)
(0.379473 0.194761 0.0073)
(0.393579 0.194761 0.0073)
(0.407684 0.194761 0.0073)
(0.421789 0.194761 0.0073)
(0.435894 0.194761 0.0073)
(0.45 0.194761 0.0073)
(0.464105 0.194761 0.0073)
(0.47821 0.194761 0.0073)
(0.492316 0.194761 0.0073)
(0.506421 0.194761 0.0073)
(0.520526 0.194761 0.0073)
(0.534631 0.194761 0.0073)
(0.548737 0.194761 0.0073)
(0.562842 0.194761 0.0073)
(0.576947 0.194761 0.0073)
(0.323052 0.207523 0.0073)
(0.337157 0.207523 0.0073)
(0.351263 0.207523 0.0073)
(0.365368 0.207523 0.0073)
(0.379473 0.207523 0.0073)
(0.393579 0.207523 0.0073)
(0.407684 0.207523 0.0073)
(0.421789 0.207523 0.0073)
(0.435894 0.207523 0.0073)
(0.45 0.207523 0.0073)
(0.464105 0.207523 0.0073)
(0.47821 0.207523 0.0073)
(0.492316 0.207523 0.0073)
(0.506421 0.207523 0.0073)
(0.520526 0.207523 0.0073)
(0.534631 0.207523 0.0073)
(0.548737 0.207523 0.0073)
(0.562842 0.207523 0.0073)
(0.576947 0.207523 0.0073)
(0.323052 0.220285 0.0073)
(0.337157 0.220285 0.0073)
(0.351263 0.220285 0.0073)
(0.365368 0.220285 0.0073)
(0.379473 0.220285 0.0073)
(0.393579 0.220285 0.0073)
(0.407684 0.220285 0.0073)
(0.421789 0.220285 0.0073)
(0.435894 0.220285 0.0073)
(0.45 0.220285 0.0073)
(0.464105 0.220285 0.0073)
(0.47821 0.220285 0.0073)
(0.492316 0.220285 0.0073)
(0.506421 0.220285 0.0073)
(0.520526 0.220285 0.0073)
(0.534631 0.220285 0.0073)
(0.548737 0.220285 0.0073)
(0.562842 0.220285 0.0073)
(0.576947 0.220285 0.0073)
(0.323052 0.233047 0.0073)
(0.337157 0.233047 0.0073)
(0.351263 0.233047 0.0073)
(0.365368 0.233047 0.0073)
(0.379473 0.233047 0.0073)
(0.393579 0.233047 0.0073)
(0.407684 0.233047 0.0073)
(0.421789 0.233047 0.0073)
(0.435894 0.233047 0.0073)
(0.45 0.233047 0.0073)
(0.464105 0.233047 0.0073)
(0.47821 0.233047 0.0073)
(0.492316 0.233047 0.0073)
(0.506421 0.233047 0.0073)
(0.520526 0.233047 0.0073)
(0.534631 0.233047 0.0073)
(0.548737 0.233047 0.0073)
(0.562842 0.233047 0.0073)
(0.576947 0.233047 0.0073)
(0.323052 0.245809 0.0073)
(0.337157 0.245809 0.0073)
(0.351263 0.245809 0.0073)
(0.365368 0.245809 0.0073)
(0.379473 0.245809 0.0073)
(0.393579 0.245809 0.0073)
(0.407684 0.245809 0.0073)
(0.421789 0.245809 0.0073)
(0.435894 0.245809 0.0073)
(0.45 0.245809 0.0073)
(0.464105 0.245809 0.0073)
(0.47821 0.245809 0.0073)
(0.492316 0.245809 0.0073)
(0.506421 0.245809 0.0073)
(0.520526 0.245809 0.0073)
(0.534631 0.245809 0.0073)
(0.548737 0.245809 0.0073)
(0.562842 0.245809 0.0073)
(0.576947 0.245809 0.0073)
(0.323052 0.258571 0.0073)
(0.337157 0.258571 0.0073)
(0.351263 0.258571 0.0073)
(0.365368 0.258571 0.0073)
(0.379473 0.258571 0.0073)
(0.393579 0.258571 0.0073)
(0.407684 0.258571 0.0073)
(0.421789 0.258571 0.0073)
(0.435894 0.258571 0.0073)
(0.45 0.258571 0.0073)
(0.464105 0.258571 0.0073)
(0.47821 0.258571 0.0073)
(0.492316 0.258571 0.0073)
(0.506421 0.258571 0.0073)
(0.520526 0.258571 0.0073)
(0.534631 0.258571 0.0073)
(0.548737 0.258571 0.0073)
(0.562842 0.258571 0.0073)
(0.576947 0.258571 0.0073)
(0.323052 0.271333 0.0073)
(0.337157 0.271333 0.0073)
(0.351263 0.271333 0.0073)
(0.365368 0.271333 0.0073)
(0.379473 0.271333 0.0073)
(0.393579 0.271333 0.0073)
(0.407684 0.271333 0.0073)
(0.421789 0.271333 0.0073)
(0.435894 0.271333 0.0073)
(0.45 0.271333 0.0073)
(0.464105 0.271333 0.0073)
(0.47821 0.271333 0.0073)
(0.492316 0.271333 0.0073)
(0.506421 0.271333 0.0073)
(0.520526 0.271333 0.0073)
(0.534631 0.271333 0.0073)
(0.548737 0.271333 0.0073)
(0.562842 0.271333 0.0073)
(0.576947 0.271333 0.0073)
(0.323052 0.284095 0.0073)
(0.337157 0.284095 0.0073)
(0.351263 0.284095 0.0073)
(0.365368 0.284095 0.0073)
(0.379473 0.284095 0.0073)
(0.393579 0.284095 0.0073)
(0.407684 0.284095 0.0073)
(0.421789 0.284095 0.0073)
(0.435894 0.284095 0.0073)
(0.45 0.284095 0.0073)
(0.464105 0.284095 0.0073)
(0.47821 0.284095 0.0073)
(0.492316 0.284095 0.0073)
(0.506421 0.284095 0.0073)
(0.520526 0.284095 0.0073)
(0.534631 0.284095 0.0073)
(0.548737 0.284095 0.0073)
(0.562842 0.284095 0.0073)
(0.576947 0.284095 0.0073)
(0.323052 0.296857 0.0073)
(0.337157 0.296857 0.0073)
(0.351263 0.296857 0.0073)
(0.365368 0.296857 0.0073)
(0.379473 0.296857 0.0073)
(0.393579 0.296857 0.0073)
(0.407684 0.296857 0.0073)
(0.421789 0.296857 0.0073)
(0.435894 0.296857 0.0073)
(0.45 0.296857 0.0073)
(0.464105 0.296857 0.0073)
(0.47821 0.296857 0.0073)
(0.492316 0.296857 0.0073)
(0.506421 0.296857 0.0073)
(0.520526 0.296857 0.0073)
(0.534631 0.296857 0.0073)
(0.548737 0.296857 0.0073)
(0.562842 0.296857 0.0073)
(0.576947 0.296857 0.0073)
(0.323052 0.309619 0.0073)
(0.337157 0.309619 0.0073)
(0.351263 0.309619 0.0073)
(0.365368 0.309619 0.0073)
(0.379473 0.309619 0.0073)
(0.393579 0.309619 0.0073)
(0.407684 0.309619 0.0073)
(0.421789 0.309619 0.0073)
(0.435894 0.309619 0.0073)
(0.45 0.309619 0.0073)
(0.464105 0.309619 0.0073)
(0.47821 0.309619 0.0073)
(0.492316 0.309619 0.0073)
(0.506421 0.309619 0.0073)
(0.520526 0.309619 0.0073)
(0.534631 0.309619 0.0073)
(0.548737 0.309619 0.0073)
(0.562842 0.309619 0.0073)
(0.576947 0.309619 0.0073)
(0.323052 0.32238 0.0073)
(0.337157 0.32238 0.0073)
(0.351263 0.32238 0.0073)
(0.365368 0.32238 0.0073)
(0.379473 0.32238 0.0073)
(0.393579 0.32238 0.0073)
(0.407684 0.32238 0.0073)
(0.421789 0.32238 0.0073)
(0.435894 0.32238 0.0073)
(0.45 0.32238 0.0073)
(0.464105 0.32238 0.0073)
(0.47821 0.32238 0.0073)
(0.492316 0.32238 0.0073)
(0.506421 0.32238 0.0073)
(0.520526 0.32238 0.0073)
(0.534631 0.32238 0.0073)
(0.548737 0.32238 0.0073)
(0.562842 0.32238 0.0073)
(0.576947 0.32238 0.0073)
(0.323052 0.335142 0.0073)
(0.337157 0.335142 0.0073)
(0.351263 0.335142 0.0073)
(0.365368 0.335142 0.0073)
(0.379473 0.335142 0.0073)
(0.393579 0.335142 0.0073)
(0.407684 0.335142 0.0073)
(0.421789 0.335142 0.0073)
(0.435894 0.335142 0.0073)
(0.45 0.335142 0.0073)
(0.464105 0.335142 0.0073)
(0.47821 0.335142 0.0073)
(0.492316 0.335142 0.0073)
(0.506421 0.335142 0.0073)
(0.520526 0.335142 0.0073)
(0.534631 0.335142 0.0073)
(0.548737 0.335142 0.0073)
(0.562842 0.335142 0.0073)
(0.576947 0.335142 0.0073)
(0.323052 0.347904 0.0073)
(0.337157 0.347904 0.0073)
(0.351263 0.347904 0.0073)
(0.365368 0.347904 0.0073)
(0.379473 0.347904 0.0073)
(0.393579 0.347904 0.0073)
(0.407684 0.347904 0.0073)
(0.421789 0.347904 0.0073)
(0.435894 0.347904 0.0073)
(0.45 0.347904 0.0073)
(0.464105 0.347904 0.0073)
(0.47821 0.347904 0.0073)
(0.492316 0.347904 0.0073)
(0.506421 0.347904 0.0073)
(0.520526 0.347904 0.0073)
(0.534631 0.347904 0.0073)
(0.548737 0.347904 0.0073)
(0.562842 0.347904 0.0073)
(0.576947 0.347904 0.0073)
(0.323052 0.360666 0.0073)
(0.337157 0.360666 0.0073)
(0.351263 0.360666 0.0073)
(0.365368 0.360666 0.0073)
(0.379473 0.360666 0.0073)
(0.393579 0.360666 0.0073)
(0.407684 0.360666 0.0073)
(0.421789 0.360666 0.0073)
(0.435894 0.360666 0.0073)
(0.45 0.360666 0.0073)
(0.464105 0.360666 0.0073)
(0.47821 0.360666 0.0073)
(0.492316 0.360666 0.0073)
(0.506421 0.360666 0.0073)
(0.520526 0.360666 0.0073)
(0.534631 0.360666 0.0073)
(0.548737 0.360666 0.0073)
(0.562842 0.360666 0.0073)
(0.576947 0.360666 0.0073)
(0.323052 0.373428 0.0073)
(0.337157 0.373428 0.0073)
(0.351263 0.373428 0.0073)
(0.365368 0.373428 0.0073)
(0.379473 0.373428 0.0073)
(0.393579 0.373428 0.0073)
(0.407684 0.373428 0.0073)
(0.421789 0.373428 0.0073)
(0.435894 0.373428 0.0073)
(0.45 0.373428 0.0073)
(0.464105 0.373428 0.0073)
(0.47821 0.373428 0.0073)
(0.492316 0.373428 0.0073)
(0.506421 0.373428 0.0073)
(0.520526 0.373428 0.0073)
(0.534631 0.373428 0.0073)
(0.548737 0.373428 0.0073)
(0.562842 0.373428 0.0073)
(0.576947 0.373428 0.0073)
(0.323052 0.38619 0.0073)
(0.337157 0.38619 0.0073)
(0.351263 0.38619 0.0073)
(0.365368 0.38619 0.0073)
(0.379473 0.38619 0.0073)
(0.393579 0.38619 0.0073)
(0.407684 0.38619 0.0073)
(0.421789 0.38619 0.0073)
(0.435894 0.38619 0.0073)
(0.45 0.38619 0.0073)
(0.464105 0.38619 0.0073)
(0.47821 0.38619 0.0073)
(0.492316 0.38619 0.0073)
(0.506421 0.38619 0.0073)
(0.520526 0.38619 0.0073)
(0.534631 0.38619 0.0073)
(0.548737 0.38619 0.0073)
(0.562842 0.38619 0.0073)
(0.576947 0.38619 0.0073)
(0.323052 0.398952 0.0073)
(0.337157 0.398952 0.0073)
(0.351263 0.398952 0.0073)
(0.365368 0.398952 0.0073)
(0.379473 0.398952 0.0073)
(0.393579 0.398952 0.0073)
(0.407684 0.398952 0.0073)
(0.421789 0.398952 0.0073)
(0.435894 0.398952 0.0073)
(0.45 0.398952 0.0073)
(0.464105 0.398952 0.0073)
(0.47821 0.398952 0.0073)
(0.492316 0.398952 0.0073)
(0.506421 0.398952 0.0073)
(0.520526 0.398952 0.0073)
(0.534631 0.398952 0.0073)
(0.548737 0.398952 0.0073)
(0.562842 0.398952 0.0073)
(0.576947 0.398952 0.0073)
(0.323052 0.411714 0.0073)
(0.337157 0.411714 0.0073)
(0.351263 0.411714 0.0073)
(0.365368 0.411714 0.0073)
(0.379473 0.411714 0.0073)
(0.393579 0.411714 0.0073)
(0.407684 0.411714 0.0073)
(0.421789 0.411714 0.0073)
(0.435894 0.411714 0.0073)
(0.45 0.411714 0.0073)
(0.464105 0.411714 0.0073)
(0.47821 0.411714 0.0073)
(0.492316 0.411714 0.0073)
(0.506421 0.411714 0.0073)
(0.520526 0.411714 0.0073)
(0.534631 0.411714 0.0073)
(0.548737 0.411714 0.0073)
(0.562842 0.411714 0.0073)
(0.576947 0.411714 0.0073)
(0.323052 0.424476 0.0073)
(0.337157 0.424476 0.0073)
(0.351263 0.424476 0.0073)
(0.365368 0.424476 0.0073)
(0.379473 0.424476 0.0073)
(0.393579 0.424476 0.0073)
(0.407684 0.424476 0.0073)
(0.421789 0.424476 0.0073)
(0.435894 0.424476 0.0073)
(0.45 0.424476 0.0073)
(0.464105 0.424476 0.0073)
(0.47821 0.424476 0.0073)
(0.492316 0.424476 0.0073)
(0.506421 0.424476 0.0073)
(0.520526 0.424476 0.0073)
(0.534631 0.424476 0.0073)
(0.548737 0.424476 0.0073)
(0.562842 0.424476 0.0073)
(0.576947 0.424476 0.0073)
(0.323052 0.437238 0.0073)
(0.337157 0.437238 0.0073)
(0.351263 0.437238 0.0073)
(0.365368 0.437238 0.0073)
(0.379473 0.437238 0.0073)
(0.393579 0.437238 0.0073)
(0.407684 0.437238 0.0073)
(0.421789 0.437238 0.0073)
(0.435894 0.437238 0.0073)
(0.45 0.437238 0.0073)
(0.464105 0.437238 0.0073)
(0.47821 0.437238 0.0073)
(0.492316 0.437238 0.0073)
(0.506421 0.437238 0.0073)
(0.520526 0.437238 0.0073)
(0.534631 0.437238 0.0073)
(0.548737 0.437238 0.0073)
(0.562842 0.437238 0.0073)
(0.576947 0.437238 0.0073)
(0.323052 0.45 0.0073)
(0.337157 0.45 0.0073)
(0.351263 0.45 0.0073)
(0.365368 0.45 0.0073)
(0.379473 0.45 0.0073)
(0.393579 0.45 0.0073)
(0.407684 0.45 0.0073)
(0.421789 0.45 0.0073)
(0.435894 0.45 0.0073)
(0.45 0.45 0.0073)
(0.464105 0.45 0.0073)
(0.47821 0.45 0.0073)
(0.492316 0.45 0.0073)
(0.506421 0.45 0.0073)
(0.520526 0.45 0.0073)
(0.534631 0.45 0.0073)
(0.548737 0.45 0.0073)
(0.562842 0.45 0.0073)
(0.576947 0.45 0.0073)
(0.323052 0.462762 0.0073)
(0.337157 0.462762 0.0073)
(0.351263 0.462762 0.0073)
(0.365368 0.462762 0.0073)
(0.379473 0.462762 0.0073)
(0.393579 0.462762 0.0073)
(0.407684 0.462762 0.0073)
(0.421789 0.462762 0.0073)
(0.435894 0.462762 0.0073)
(0.45 0.462762 0.0073)
(0.464105 0.462762 0.0073)
(0.47821 0.462762 0.0073)
(0.492316 0.462762 0.0073)
(0.506421 0.462762 0.0073)
(0.520526 0.462762 0.0073)
(0.534631 0.462762 0.0073)
(0.548737 0.462762 0.0073)
(0.562842 0.462762 0.0073)
(0.576947 0.462762 0.0073)
(0.323052 0.475524 0.0073)
(0.337157 0.475524 0.0073)
(0.351263 0.475524 0.0073)
(0.365368 0.475524 0.0073)
(0.379473 0.475524 0.0073)
(0.393579 0.475524 0.0073)
(0.407684 0.475524 0.0073)
(0.421789 0.475524 0.0073)
(0.435894 0.475524 0.0073)
(0.45 0.475524 0.0073)
(0.464105 0.475524 0.0073)
(0.47821 0.475524 0.0073)
(0.492316 0.475524 0.0073)
(0.506421 0.475524 0.0073)
(0.520526 0.475524 0.0073)
(0.534631 0.475524 0.0073)
(0.548737 0.475524 0.0073)
(0.562842 0.475524 0.0073)
(0.576947 0.475524 0.0073)
(0.323052 0.488286 0.0073)
(0.337157 0.488286 0.0073)
(0.351263 0.488286 0.0073)
(0.365368 0.488286 0.0073)
(0.379473 0.488286 0.0073)
(0.393579 0.488286 0.0073)
(0.407684 0.488286 0.0073)
(0.421789 0.488286 0.0073)
(0.435894 0.488286 0.0073)
(0.45 0.488286 0.0073)
(0.464105 0.488286 0.0073)
(0.47821 0.488286 0.0073)
(0.492316 0.488286 0.0073)
(0.506421 0.488286 0.0073)
(0.520526 0.488286 0.0073)
(0.534631 0.488286 0.0073)
(0.548737 0.488286 0.0073)
(0.562842 0.488286 0.0073)
(0.576947 0.488286 0.0073)
(0.323052 0.501047 0.0073)
(0.337157 0.501047 0.0073)
(0.351263 0.501047 0.0073)
(0.365368 0.501047 0.0073)
(0.379473 0.501047 0.0073)
(0.393579 0.501047 0.0073)
(0.407684 0.501047 0.0073)
(0.421789 0.501047 0.0073)
(0.435894 0.501047 0.0073)
(0.45 0.501047 0.0073)
(0.464105 0.501047 0.0073)
(0.47821 0.501047 0.0073)
(0.492316 0.501047 0.0073)
(0.506421 0.501047 0.0073)
(0.520526 0.501047 0.0073)
(0.534631 0.501047 0.0073)
(0.548737 0.501047 0.0073)
(0.562842 0.501047 0.0073)
(0.576947 0.501047 0.0073)
(0.323052 0.513809 0.0073)
(0.337157 0.513809 0.0073)
(0.351263 0.513809 0.0073)
(0.365368 0.513809 0.0073)
(0.379473 0.513809 0.0073)
(0.393579 0.513809 0.0073)
(0.407684 0.513809 0.0073)
(0.421789 0.513809 0.0073)
(0.435894 0.513809 0.0073)
(0.45 0.513809 0.0073)
(0.464105 0.513809 0.0073)
(0.47821 0.513809 0.0073)
(0.492316 0.513809 0.0073)
(0.506421 0.513809 0.0073)
(0.520526 0.513809 0.0073)
(0.534631 0.513809 0.0073)
(0.548737 0.513809 0.0073)
(0.562842 0.513809 0.0073)
(0.576947 0.513809 0.0073)
(0.323052 0.526571 0.0073)
(0.337157 0.526571 0.0073)
(0.351263 0.526571 0.0073)
(0.365368 0.526571 0.0073)
(0.379473 0.526571 0.0073)
(0.393579 0.526571 0.0073)
(0.407684 0.526571 0.0073)
(0.421789 0.526571 0.0073)
(0.435894 0.526571 0.0073)
(0.45 0.526571 0.0073)
(0.464105 0.526571 0.0073)
(0.47821 0.526571 0.0073)
(0.492316 0.526571 0.0073)
(0.506421 0.526571 0.0073)
(0.520526 0.526571 0.0073)
(0.534631 0.526571 0.0073)
(0.548737 0.526571 0.0073)
(0.562842 0.526571 0.0073)
(0.576947 0.526571 0.0073)
(0.323052 0.539333 0.0073)
(0.337157 0.539333 0.0073)
(0.351263 0.539333 0.0073)
(0.365368 0.539333 0.0073)
(0.379473 0.539333 0.0073)
(0.393579 0.539333 0.0073)
(0.407684 0.539333 0.0073)
(0.421789 0.539333 0.0073)
(0.435894 0.539333 0.0073)
(0.45 0.539333 0.0073)
(0.464105 0.539333 0.0073)
(0.47821 0.539333 0.0073)
(0.492316 0.539333 0.0073)
(0.506421 0.539333 0.0073)
(0.520526 0.539333 0.0073)
(0.534631 0.539333 0.0073)
(0.548737 0.539333 0.0073)
(0.562842 0.539333 0.0073)
(0.576947 0.539333 0.0073)
(0.323052 0.552095 0.0073)
(0.337157 0.552095 0.0073)
(0.351263 0.552095 0.0073)
(0.365368 0.552095 0.0073)
(0.379473 0.552095 0.0073)
(0.393579 0.552095 0.0073)
(0.407684 0.552095 0.0073)
(0.421789 0.552095 0.0073)
(0.435894 0.552095 0.0073)
(0.45 0.552095 0.0073)
(0.464105 0.552095 0.0073)
(0.47821 0.552095 0.0073)
(0.492316 0.552095 0.0073)
(0.506421 0.552095 0.0073)
(0.520526 0.552095 0.0073)
(0.534631 0.552095 0.0073)
(0.548737 0.552095 0.0073)
(0.562842 0.552095 0.0073)
(0.576947 0.552095 0.0073)
(0.323052 0.564857 0.0073)
(0.337157 0.564857 0.0073)
(0.351263 0.564857 0.0073)
(0.365368 0.564857 0.0073)
(0.379473 0.564857 0.0073)
(0.393579 0.564857 0.0073)
(0.407684 0.564857 0.0073)
(0.421789 0.564857 0.0073)
(0.435894 0.564857 0.0073)
(0.45 0.564857 0.0073)
(0.464105 0.564857 0.0073)
(0.47821 0.564857 0.0073)
(0.492316 0.564857 0.0073)
(0.506421 0.564857 0.0073)
(0.520526 0.564857 0.0073)
(0.534631 0.564857 0.0073)
(0.548737 0.564857 0.0073)
(0.562842 0.564857 0.0073)
(0.576947 0.564857 0.0073)
(0.323052 0.577619 0.0073)
(0.337157 0.577619 0.0073)
(0.351263 0.577619 0.0073)
(0.365368 0.577619 0.0073)
(0.379473 0.577619 0.0073)
(0.393579 0.577619 0.0073)
(0.407684 0.577619 0.0073)
(0.421789 0.577619 0.0073)
(0.435894 0.577619 0.0073)
(0.45 0.577619 0.0073)
(0.464105 0.577619 0.0073)
(0.47821 0.577619 0.0073)
(0.492316 0.577619 0.0073)
(0.506421 0.577619 0.0073)
(0.520526 0.577619 0.0073)
(0.534631 0.577619 0.0073)
(0.548737 0.577619 0.0073)
(0.562842 0.577619 0.0073)
(0.576947 0.577619 0.0073)
)
;

boundaryField
{
    leftWall
    {
        type            calculated;
        value           nonuniform List<vector> 
50
(
(0 0.00299993 0.0073)
(0 0.0089998 0.0073)
(0 0.0149997 0.0073)
(0 0.0209995 0.0073)
(0 0.0269994 0.0073)
(0 0.0329993 0.0073)
(0 0.0389992 0.0073)
(0 0.044999 0.0073)
(0 0.0543799 0.0073)
(0 0.0671419 0.0073)
(0 0.0799038 0.0073)
(0 0.0926657 0.0073)
(0 0.105428 0.0073)
(0 0.11819 0.0073)
(0 0.130952 0.0073)
(0 0.143713 0.0073)
(0 0.156475 0.0073)
(0 0.169237 0.0073)
(0 0.181999 0.0073)
(0 0.194761 0.0073)
(0 0.207523 0.0073)
(0 0.220285 0.0073)
(0 0.233047 0.0073)
(0 0.245809 0.0073)
(0 0.258571 0.0073)
(0 0.271333 0.0073)
(0 0.284095 0.0073)
(0 0.296857 0.0073)
(0 0.309619 0.0073)
(0 0.32238 0.0073)
(0 0.335142 0.0073)
(0 0.347904 0.0073)
(0 0.360666 0.0073)
(0 0.373428 0.0073)
(0 0.38619 0.0073)
(0 0.398952 0.0073)
(0 0.411714 0.0073)
(0 0.424476 0.0073)
(0 0.437238 0.0073)
(0 0.45 0.0073)
(0 0.462762 0.0073)
(0 0.475524 0.0073)
(0 0.488286 0.0073)
(0 0.501047 0.0073)
(0 0.513809 0.0073)
(0 0.526571 0.0073)
(0 0.539333 0.0073)
(0 0.552095 0.0073)
(0 0.564857 0.0073)
(0 0.577619 0.0073)
)
;
    }
    rightWall
    {
        type            calculated;
        value           nonuniform List<vector> 
50
(
(0.584 0.00299993 0.0073)
(0.584 0.0089998 0.0073)
(0.584 0.0149997 0.0073)
(0.584 0.0209995 0.0073)
(0.584 0.0269994 0.0073)
(0.584 0.0329993 0.0073)
(0.584 0.0389992 0.0073)
(0.584 0.044999 0.0073)
(0.584 0.0543799 0.0073)
(0.584 0.0671419 0.0073)
(0.584 0.0799038 0.0073)
(0.584 0.0926657 0.0073)
(0.584 0.105428 0.0073)
(0.584 0.11819 0.0073)
(0.584 0.130952 0.0073)
(0.584 0.143713 0.0073)
(0.584 0.156475 0.0073)
(0.584 0.169237 0.0073)
(0.584 0.181999 0.0073)
(0.584 0.194761 0.0073)
(0.584 0.207523 0.0073)
(0.584 0.220285 0.0073)
(0.584 0.233047 0.0073)
(0.584 0.245809 0.0073)
(0.584 0.258571 0.0073)
(0.584 0.271333 0.0073)
(0.584 0.284095 0.0073)
(0.584 0.296857 0.0073)
(0.584 0.309619 0.0073)
(0.584 0.32238 0.0073)
(0.584 0.335142 0.0073)
(0.584 0.347904 0.0073)
(0.584 0.360666 0.0073)
(0.584 0.373428 0.0073)
(0.584 0.38619 0.0073)
(0.584 0.398952 0.0073)
(0.584 0.411714 0.0073)
(0.584 0.424476 0.0073)
(0.584 0.437238 0.0073)
(0.584 0.45 0.0073)
(0.584 0.462762 0.0073)
(0.584 0.475524 0.0073)
(0.584 0.488286 0.0073)
(0.584 0.501047 0.0073)
(0.584 0.513809 0.0073)
(0.584 0.526571 0.0073)
(0.584 0.539333 0.0073)
(0.584 0.552095 0.0073)
(0.584 0.564857 0.0073)
(0.584 0.577619 0.0073)
)
;
    }
    lowerWall
    {
        type            calculated;
        value           nonuniform List<vector> 
62
(
(0.00634783 0 0.0073)
(0.0190435 0 0.0073)
(0.0317391 0 0.0073)
(0.0444348 0 0.0073)
(0.0571304 0 0.0073)
(0.0698261 0 0.0073)
(0.0825217 0 0.0073)
(0.0952174 0 0.0073)
(0.107913 0 0.0073)
(0.120609 0 0.0073)
(0.133304 0 0.0073)
(0.146 0 0.0073)
(0.158696 0 0.0073)
(0.171391 0 0.0073)
(0.184087 0 0.0073)
(0.196783 0 0.0073)
(0.209478 0 0.0073)
(0.222174 0 0.0073)
(0.23487 0 0.0073)
(0.247565 0 0.0073)
(0.260261 0 0.0073)
(0.272957 0 0.0073)
(0.285652 0 0.0073)
(0.292 0.00299993 0.0073)
(0.292 0.0089998 0.0073)
(0.292 0.0149997 0.0073)
(0.292 0.0209995 0.0073)
(0.292 0.0269994 0.0073)
(0.292 0.0329993 0.0073)
(0.292 0.0389992 0.0073)
(0.292 0.044999 0.0073)
(0.295 0.047999 0.0073)
(0.301 0.047999 0.0073)
(0.307 0.047999 0.0073)
(0.313 0.047999 0.0073)
(0.315999 0.00299993 0.0073)
(0.315999 0.0089998 0.0073)
(0.315999 0.0149997 0.0073)
(0.315999 0.0209995 0.0073)
(0.315999 0.0269994 0.0073)
(0.315999 0.0329993 0.0073)
(0.315999 0.0389992 0.0073)
(0.315999 0.044999 0.0073)
(0.323052 0 0.0073)
(0.337157 0 0.0073)
(0.351263 0 0.0073)
(0.365368 0 0.0073)
(0.379473 0 0.0073)
(0.393579 0 0.0073)
(0.407684 0 0.0073)
(0.421789 0 0.0073)
(0.435894 0 0.0073)
(0.45 0 0.0073)
(0.464105 0 0.0073)
(0.47821 0 0.0073)
(0.492316 0 0.0073)
(0.506421 0 0.0073)
(0.520526 0 0.0073)
(0.534631 0 0.0073)
(0.548737 0 0.0073)
(0.562842 0 0.0073)
(0.576947 0 0.0073)
)
;
    }
    atmosphere
    {
        type            calculated;
        value           nonuniform List<vector> 
46
(
(0.00634783 0.584 0.0073)
(0.0190435 0.584 0.0073)
(0.0317391 0.584 0.0073)
(0.0444348 0.584 0.0073)
(0.0571304 0.584 0.0073)
(0.0698261 0.584 0.0073)
(0.0825217 0.584 0.0073)
(0.0952174 0.584 0.0073)
(0.107913 0.584 0.0073)
(0.120609 0.584 0.0073)
(0.133304 0.584 0.0073)
(0.146 0.584 0.0073)
(0.158696 0.584 0.0073)
(0.171391 0.584 0.0073)
(0.184087 0.584 0.0073)
(0.196783 0.584 0.0073)
(0.209478 0.584 0.0073)
(0.222174 0.584 0.0073)
(0.23487 0.584 0.0073)
(0.247565 0.584 0.0073)
(0.260261 0.584 0.0073)
(0.272957 0.584 0.0073)
(0.285652 0.584 0.0073)
(0.295 0.584 0.0073)
(0.301 0.584 0.0073)
(0.307 0.584 0.0073)
(0.313 0.584 0.0073)
(0.323052 0.584 0.0073)
(0.337157 0.584 0.0073)
(0.351263 0.584 0.0073)
(0.365368 0.584 0.0073)
(0.379473 0.584 0.0073)
(0.393579 0.584 0.0073)
(0.407684 0.584 0.0073)
(0.421789 0.584 0.0073)
(0.435894 0.584 0.0073)
(0.45 0.584 0.0073)
(0.464105 0.584 0.0073)
(0.47821 0.584 0.0073)
(0.492316 0.584 0.0073)
(0.506421 0.584 0.0073)
(0.520526 0.584 0.0073)
(0.534631 0.584 0.0073)
(0.548737 0.584 0.0073)
(0.562842 0.584 0.0073)
(0.576947 0.584 0.0073)
)
;
    }
    defaultFaces
    {
        type            empty;
    }
}


// ************************************************************************* //
