/*--------------------------------*- C++ -*----------------------------------*\
| =========                 |                                                 |
| \\      /  F ield         | OpenFOAM: The Open Source CFD Toolbox           |
|  \\    /   O peration     | Version:  2312                                  |
|   \\  /    A nd           | Website:  www.openfoam.com                      |
|    \\/     M anipulation  |                                                 |
\*---------------------------------------------------------------------------*/
FoamFile
{
    version     2.0;
    format      ascii;
    arch        "LSB;label=32;scalar=64";
    class       volScalarField;
    location    "0";
    object      Cx;
}
// * * * * * * * * * * * * * * * * * * * * * * * * * * * * * * * * * * * * * //

dimensions      [0 1 0 0 0 0 0];

internalField   nonuniform List<scalar> 
2268
(
0.00634783
0.0190435
0.0317391
0.0444348
0.0571304
0.0698261
0.0825217
0.0952174
0.107913
0.120609
0.133304
0.146
0.158696
0.171391
0.184087
0.196783
0.209478
0.222174
0.23487
0.247565
0.260261
0.272957
0.285652
0.00634783
0.0190435
0.0317391
0.0444348
0.0571304
0.0698261
0.0825217
0.0952174
0.107913
0.120609
0.133304
0.146
0.158696
0.171391
0.184087
0.196783
0.209478
0.222174
0.23487
0.247565
0.260261
0.272957
0.285652
0.00634783
0.0190435
0.0317391
0.0444348
0.0571304
0.0698261
0.0825217
0.0952174
0.107913
0.120609
0.133304
0.146
0.158696
0.171391
0.184087
0.196783
0.209478
0.222174
0.23487
0.247565
0.260261
0.272957
0.285652
0.00634783
0.0190435
0.0317391
0.0444348
0.0571304
0.0698261
0.0825217
0.0952174
0.107913
0.120609
0.133304
0.146
0.158696
0.171391
0.184087
0.196783
0.209478
0.222174
0.23487
0.247565
0.260261
0.272957
0.285652
0.00634783
0.0190435
0.0317391
0.0444348
0.0571304
0.0698261
0.0825217
0.0952174
0.107913
0.120609
0.133304
0.146
0.158696
0.171391
0.184087
0.196783
0.209478
0.222174
0.23487
0.247565
0.260261
0.272957
0.285652
0.00634783
0.0190435
0.0317391
0.0444348
0.0571304
0.0698261
0.0825217
0.0952174
0.107913
0.120609
0.133304
0.146
0.158696
0.171391
0.184087
0.196783
0.209478
0.222174
0.23487
0.247565
0.260261
0.272957
0.285652
0.00634783
0.0190435
0.0317391
0.0444348
0.0571304
0.0698261
0.0825217
0.0952174
0.107913
0.120609
0.133304
0.146
0.158696
0.171391
0.184087
0.196783
0.209478
0.222174
0.23487
0.247565
0.260261
0.272957
0.285652
0.00634783
0.0190435
0.0317391
0.0444348
0.0571304
0.0698261
0.0825217
0.0952174
0.107913
0.120609
0.133304
0.146
0.158696
0.171391
0.184087
0.196783
0.209478
0.222174
0.23487
0.247565
0.260261
0.272957
0.285652
0.323052
0.337157
0.351263
0.365368
0.379473
0.393579
0.407684
0.421789
0.435894
0.45
0.464105
0.47821
0.492316
0.506421
0.520526
0.534631
0.548737
0.562842
0.576947
0.323052
0.337157
0.351263
0.365368
0.379473
0.393579
0.407684
0.421789
0.435894
0.45
0.464105
0.47821
0.492316
0.506421
0.520526
0.534631
0.548737
0.562842
0.576947
0.323052
0.337157
0.351263
0.365368
0.379473
0.393579
0.407684
0.421789
0.435894
0.45
0.464105
0.47821
0.492316
0.506421
0.520526
0.534631
0.548737
0.562842
0.576947
0.323052
0.337157
0.351263
0.365368
0.379473
0.393579
0.407684
0.421789
0.435894
0.45
0.464105
0.47821
0.492316
0.506421
0.520526
0.534631
0.548737
0.562842
0.576947
0.323052
0.337157
0.351263
0.365368
0.379473
0.393579
0.407684
0.421789
0.435894
0.45
0.464105
0.47821
0.492316
0.506421
0.520526
0.534631
0.548737
0.562842
0.576947
0.323052
0.337157
0.351263
0.365368
0.379473
0.393579
0.407684
0.421789
0.435894
0.45
0.464105
0.47821
0.492316
0.506421
0.520526
0.534631
0.548737
0.562842
0.576947
0.323052
0.337157
0.351263
0.365368
0.379473
0.393579
0.407684
0.421789
0.435894
0.45
0.464105
0.47821
0.492316
0.506421
0.520526
0.534631
0.548737
0.562842
0.576947
0.323052
0.337157
0.351263
0.365368
0.379473
0.393579
0.407684
0.421789
0.435894
0.45
0.464105
0.47821
0.492316
0.506421
0.520526
0.534631
0.548737
0.562842
0.576947
0.00634783
0.0190435
0.0317391
0.0444348
0.0571304
0.0698261
0.0825217
0.0952174
0.107913
0.120609
0.133304
0.146
0.158696
0.171391
0.184087
0.196783
0.209478
0.222174
0.23487
0.247565
0.260261
0.272957
0.285652
0.00634783
0.0190435
0.0317391
0.0444348
0.0571304
0.0698261
0.0825217
0.0952174
0.107913
0.120609
0.133304
0.146
0.158696
0.171391
0.184087
0.196783
0.209478
0.222174
0.23487
0.247565
0.260261
0.272957
0.285652
0.00634783
0.0190435
0.0317391
0.0444348
0.0571304
0.0698261
0.0825217
0.0952174
0.107913
0.120609
0.133304
0.146
0.158696
0.171391
0.184087
0.196783
0.209478
0.222174
0.23487
0.247565
0.260261
0.272957
0.285652
0.00634783
0.0190435
0.0317391
0.0444348
0.0571304
0.0698261
0.0825217
0.0952174
0.107913
0.120609
0.133304
0.146
0.158696
0.171391
0.184087
0.196783
0.209478
0.222174
0.23487
0.247565
0.260261
0.272957
0.285652
0.00634783
0.0190435
0.0317391
0.0444348
0.0571304
0.0698261
0.0825217
0.0952174
0.107913
0.120609
0.133304
0.146
0.158696
0.171391
0.184087
0.196783
0.209478
0.222174
0.23487
0.247565
0.260261
0.272957
0.285652
0.00634783
0.0190435
0.0317391
0.0444348
0.0571304
0.0698261
0.0825217
0.0952174
0.107913
0.120609
0.133304
0.146
0.158696
0.171391
0.184087
0.196783
0.209478
0.222174
0.23487
0.247565
0.260261
0.272957
0.285652
0.00634783
0.0190435
0.0317391
0.0444348
0.0571304
0.0698261
0.0825217
0.0952174
0.107913
0.120609
0.133304
0.146
0.158696
0.171391
0.184087
0.196783
0.209478
0.222174
0.23487
0.247565
0.260261
0.272957
0.285652
0.00634783
0.0190435
0.0317391
0.0444348
0.0571304
0.0698261
0.0825217
0.0952174
0.107913
0.120609
0.133304
0.146
0.158696
0.171391
0.184087
0.196783
0.209478
0.222174
0.23487
0.247565
0.260261
0.272957
0.285652
0.00634783
0.0190435
0.0317391
0.0444348
0.0571304
0.0698261
0.0825217
0.0952174
0.107913
0.120609
0.133304
0.146
0.158696
0.171391
0.184087
0.196783
0.209478
0.222174
0.23487
0.247565
0.260261
0.272957
0.285652
0.00634783
0.0190435
0.0317391
0.0444348
0.0571304
0.0698261
0.0825217
0.0952174
0.107913
0.120609
0.133304
0.146
0.158696
0.171391
0.184087
0.196783
0.209478
0.222174
0.23487
0.247565
0.260261
0.272957
0.285652
0.00634783
0.0190435
0.0317391
0.0444348
0.0571304
0.0698261
0.0825217
0.0952174
0.107913
0.120609
0.133304
0.146
0.158696
0.171391
0.184087
0.196783
0.209478
0.222174
0.23487
0.247565
0.260261
0.272957
0.285652
0.00634783
0.0190435
0.0317391
0.0444348
0.0571304
0.0698261
0.0825217
0.0952174
0.107913
0.120609
0.133304
0.146
0.158696
0.171391
0.184087
0.196783
0.209478
0.222174
0.23487
0.247565
0.260261
0.272957
0.285652
0.00634783
0.0190435
0.0317391
0.0444348
0.0571304
0.0698261
0.0825217
0.0952174
0.107913
0.120609
0.133304
0.146
0.158696
0.171391
0.184087
0.196783
0.209478
0.222174
0.23487
0.247565
0.260261
0.272957
0.285652
0.00634783
0.0190435
0.0317391
0.0444348
0.0571304
0.0698261
0.0825217
0.0952174
0.107913
0.120609
0.133304
0.146
0.158696
0.171391
0.184087
0.196783
0.209478
0.222174
0.23487
0.247565
0.260261
0.272957
0.285652
0.00634783
0.0190435
0.0317391
0.0444348
0.0571304
0.0698261
0.0825217
0.0952174
0.107913
0.120609
0.133304
0.146
0.158696
0.171391
0.184087
0.196783
0.209478
0.222174
0.23487
0.247565
0.260261
0.272957
0.285652
0.00634783
0.0190435
0.0317391
0.0444348
0.0571304
0.0698261
0.0825217
0.0952174
0.107913
0.120609
0.133304
0.146
0.158696
0.171391
0.184087
0.196783
0.209478
0.222174
0.23487
0.247565
0.260261
0.272957
0.285652
0.00634783
0.0190435
0.0317391
0.0444348
0.0571304
0.0698261
0.0825217
0.0952174
0.107913
0.120609
0.133304
0.146
0.158696
0.171391
0.184087
0.196783
0.209478
0.222174
0.23487
0.247565
0.260261
0.272957
0.285652
0.00634783
0.0190435
0.0317391
0.0444348
0.0571304
0.0698261
0.0825217
0.0952174
0.107913
0.120609
0.133304
0.146
0.158696
0.171391
0.184087
0.196783
0.209478
0.222174
0.23487
0.247565
0.260261
0.272957
0.285652
0.00634783
0.0190435
0.0317391
0.0444348
0.0571304
0.0698261
0.0825217
0.0952174
0.107913
0.120609
0.133304
0.146
0.158696
0.171391
0.184087
0.196783
0.209478
0.222174
0.23487
0.247565
0.260261
0.272957
0.285652
0.00634783
0.0190435
0.0317391
0.0444348
0.0571304
0.0698261
0.0825217
0.0952174
0.107913
0.120609
0.133304
0.146
0.158696
0.171391
0.184087
0.196783
0.209478
0.222174
0.23487
0.247565
0.260261
0.272957
0.285652
0.00634783
0.0190435
0.0317391
0.0444348
0.0571304
0.0698261
0.0825217
0.0952174
0.107913
0.120609
0.133304
0.146
0.158696
0.171391
0.184087
0.196783
0.209478
0.222174
0.23487
0.247565
0.260261
0.272957
0.285652
0.00634783
0.0190435
0.0317391
0.0444348
0.0571304
0.0698261
0.0825217
0.0952174
0.107913
0.120609
0.133304
0.146
0.158696
0.171391
0.184087
0.196783
0.209478
0.222174
0.23487
0.247565
0.260261
0.272957
0.285652
0.00634783
0.0190435
0.0317391
0.0444348
0.0571304
0.0698261
0.0825217
0.0952174
0.107913
0.120609
0.133304
0.146
0.158696
0.171391
0.184087
0.196783
0.209478
0.222174
0.23487
0.247565
0.260261
0.272957
0.285652
0.00634783
0.0190435
0.0317391
0.0444348
0.0571304
0.0698261
0.0825217
0.0952174
0.107913
0.120609
0.133304
0.146
0.158696
0.171391
0.184087
0.196783
0.209478
0.222174
0.23487
0.247565
0.260261
0.272957
0.285652
0.00634783
0.0190435
0.0317391
0.0444348
0.0571304
0.0698261
0.0825217
0.0952174
0.107913
0.120609
0.133304
0.146
0.158696
0.171391
0.184087
0.196783
0.209478
0.222174
0.23487
0.247565
0.260261
0.272957
0.285652
0.00634783
0.0190435
0.0317391
0.0444348
0.0571304
0.0698261
0.0825217
0.0952174
0.107913
0.120609
0.133304
0.146
0.158696
0.171391
0.184087
0.196783
0.209478
0.222174
0.23487
0.247565
0.260261
0.272957
0.285652
0.00634783
0.0190435
0.0317391
0.0444348
0.0571304
0.0698261
0.0825217
0.0952174
0.107913
0.120609
0.133304
0.146
0.158696
0.171391
0.184087
0.196783
0.209478
0.222174
0.23487
0.247565
0.260261
0.272957
0.285652
0.00634783
0.0190435
0.0317391
0.0444348
0.0571304
0.0698261
0.0825217
0.0952174
0.107913
0.120609
0.133304
0.146
0.158696
0.171391
0.184087
0.196783
0.209478
0.222174
0.23487
0.247565
0.260261
0.272957
0.285652
0.00634783
0.0190435
0.0317391
0.0444348
0.0571304
0.0698261
0.0825217
0.0952174
0.107913
0.120609
0.133304
0.146
0.158696
0.171391
0.184087
0.196783
0.209478
0.222174
0.23487
0.247565
0.260261
0.272957
0.285652
0.00634783
0.0190435
0.0317391
0.0444348
0.0571304
0.0698261
0.0825217
0.0952174
0.107913
0.120609
0.133304
0.146
0.158696
0.171391
0.184087
0.196783
0.209478
0.222174
0.23487
0.247565
0.260261
0.272957
0.285652
0.00634783
0.0190435
0.0317391
0.0444348
0.0571304
0.0698261
0.0825217
0.0952174
0.107913
0.120609
0.133304
0.146
0.158696
0.171391
0.184087
0.196783
0.209478
0.222174
0.23487
0.247565
0.260261
0.272957
0.285652
0.00634783
0.0190435
0.0317391
0.0444348
0.0571304
0.0698261
0.0825217
0.0952174
0.107913
0.120609
0.133304
0.146
0.158696
0.171391
0.184087
0.196783
0.209478
0.222174
0.23487
0.247565
0.260261
0.272957
0.285652
0.00634783
0.0190435
0.0317391
0.0444348
0.0571304
0.0698261
0.0825217
0.0952174
0.107913
0.120609
0.133304
0.146
0.158696
0.171391
0.184087
0.196783
0.209478
0.222174
0.23487
0.247565
0.260261
0.272957
0.285652
0.00634783
0.0190435
0.0317391
0.0444348
0.0571304
0.0698261
0.0825217
0.0952174
0.107913
0.120609
0.133304
0.146
0.158696
0.171391
0.184087
0.196783
0.209478
0.222174
0.23487
0.247565
0.260261
0.272957
0.285652
0.00634783
0.0190435
0.0317391
0.0444348
0.0571304
0.0698261
0.0825217
0.0952174
0.107913
0.120609
0.133304
0.146
0.158696
0.171391
0.184087
0.196783
0.209478
0.222174
0.23487
0.247565
0.260261
0.272957
0.285652
0.00634783
0.0190435
0.0317391
0.0444348
0.0571304
0.0698261
0.0825217
0.0952174
0.107913
0.120609
0.133304
0.146
0.158696
0.171391
0.184087
0.196783
0.209478
0.222174
0.23487
0.247565
0.260261
0.272957
0.285652
0.00634783
0.0190435
0.0317391
0.0444348
0.0571304
0.0698261
0.0825217
0.0952174
0.107913
0.120609
0.133304
0.146
0.158696
0.171391
0.184087
0.196783
0.209478
0.222174
0.23487
0.247565
0.260261
0.272957
0.285652
0.00634783
0.0190435
0.0317391
0.0444348
0.0571304
0.0698261
0.0825217
0.0952174
0.107913
0.120609
0.133304
0.146
0.158696
0.171391
0.184087
0.196783
0.209478
0.222174
0.23487
0.247565
0.260261
0.272957
0.285652
0.00634783
0.0190435
0.0317391
0.0444348
0.0571304
0.0698261
0.0825217
0.0952174
0.107913
0.120609
0.133304
0.146
0.158696
0.171391
0.184087
0.196783
0.209478
0.222174
0.23487
0.247565
0.260261
0.272957
0.285652
0.00634783
0.0190435
0.0317391
0.0444348
0.0571304
0.0698261
0.0825217
0.0952174
0.107913
0.120609
0.133304
0.146
0.158696
0.171391
0.184087
0.196783
0.209478
0.222174
0.23487
0.247565
0.260261
0.272957
0.285652
0.00634783
0.0190435
0.0317391
0.0444348
0.0571304
0.0698261
0.0825217
0.0952174
0.107913
0.120609
0.133304
0.146
0.158696
0.171391
0.184087
0.196783
0.209478
0.222174
0.23487
0.247565
0.260261
0.272957
0.285652
0.00634783
0.0190435
0.0317391
0.0444348
0.0571304
0.0698261
0.0825217
0.0952174
0.107913
0.120609
0.133304
0.146
0.158696
0.171391
0.184087
0.196783
0.209478
0.222174
0.23487
0.247565
0.260261
0.272957
0.285652
0.295
0.301
0.307
0.313
0.295
0.301
0.307
0.313
0.295
0.301
0.307
0.313
0.295
0.301
0.307
0.313
0.295
0.301
0.307
0.313
0.295
0.301
0.307
0.313
0.295
0.301
0.307
0.313
0.295
0.301
0.307
0.313
0.295
0.301
0.307
0.313
0.295
0.301
0.307
0.313
0.295
0.301
0.307
0.313
0.295
0.301
0.307
0.313
0.295
0.301
0.307
0.313
0.295
0.301
0.307
0.313
0.295
0.301
0.307
0.313
0.295
0.301
0.307
0.313
0.295
0.301
0.307
0.313
0.295
0.301
0.307
0.313
0.295
0.301
0.307
0.313
0.295
0.301
0.307
0.313
0.295
0.301
0.307
0.313
0.295
0.301
0.307
0.313
0.295
0.301
0.307
0.313
0.295
0.301
0.307
0.313
0.295
0.301
0.307
0.313
0.295
0.301
0.307
0.313
0.295
0.301
0.307
0.313
0.295
0.301
0.307
0.313
0.295
0.301
0.307
0.313
0.295
0.301
0.307
0.313
0.295
0.301
0.307
0.313
0.295
0.301
0.307
0.313
0.295
0.301
0.307
0.313
0.295
0.301
0.307
0.313
0.295
0.301
0.307
0.313
0.295
0.301
0.307
0.313
0.295
0.301
0.307
0.313
0.295
0.301
0.307
0.313
0.295
0.301
0.307
0.313
0.295
0.301
0.307
0.313
0.295
0.301
0.307
0.313
0.295
0.301
0.307
0.313
0.323052
0.337157
0.351263
0.365368
0.379473
0.393579
0.407684
0.421789
0.435894
0.45
0.464105
0.47821
0.492316
0.506421
0.520526
0.534631
0.548737
0.562842
0.576947
0.323052
0.337157
0.351263
0.365368
0.379473
0.393579
0.407684
0.421789
0.435894
0.45
0.464105
0.47821
0.492316
0.506421
0.520526
0.534631
0.548737
0.562842
0.576947
0.323052
0.337157
0.351263
0.365368
0.379473
0.393579
0.407684
0.421789
0.435894
0.45
0.464105
0.47821
0.492316
0.506421
0.520526
0.534631
0.548737
0.562842
0.576947
0.323052
0.337157
0.351263
0.365368
0.379473
0.393579
0.407684
0.421789
0.435894
0.45
0.464105
0.47821
0.492316
0.506421
0.520526
0.534631
0.548737
0.562842
0.576947
0.323052
0.337157
0.351263
0.365368
0.379473
0.393579
0.407684
0.421789
0.435894
0.45
0.464105
0.47821
0.492316
0.506421
0.520526
0.534631
0.548737
0.562842
0.576947
0.323052
0.337157
0.351263
0.365368
0.379473
0.393579
0.407684
0.421789
0.435894
0.45
0.464105
0.47821
0.492316
0.506421
0.520526
0.534631
0.548737
0.562842
0.576947
0.323052
0.337157
0.351263
0.365368
0.379473
0.393579
0.407684
0.421789
0.435894
0.45
0.464105
0.47821
0.492316
0.506421
0.520526
0.534631
0.548737
0.562842
0.576947
0.323052
0.337157
0.351263
0.365368
0.379473
0.393579
0.407684
0.421789
0.435894
0.45
0.464105
0.47821
0.492316
0.506421
0.520526
0.534631
0.548737
0.562842
0.576947
0.323052
0.337157
0.351263
0.365368
0.379473
0.393579
0.407684
0.421789
0.435894
0.45
0.464105
0.47821
0.492316
0.506421
0.520526
0.534631
0.548737
0.562842
0.576947
0.323052
0.337157
0.351263
0.365368
0.379473
0.393579
0.407684
0.421789
0.435894
0.45
0.464105
0.47821
0.492316
0.506421
0.520526
0.534631
0.548737
0.562842
0.576947
0.323052
0.337157
0.351263
0.365368
0.379473
0.393579
0.407684
0.421789
0.435894
0.45
0.464105
0.47821
0.492316
0.506421
0.520526
0.534631
0.548737
0.562842
0.576947
0.323052
0.337157
0.351263
0.365368
0.379473
0.393579
0.407684
0.421789
0.435894
0.45
0.464105
0.47821
0.492316
0.506421
0.520526
0.534631
0.548737
0.562842
0.576947
0.323052
0.337157
0.351263
0.365368
0.379473
0.393579
0.407684
0.421789
0.435894
0.45
0.464105
0.47821
0.492316
0.506421
0.520526
0.534631
0.548737
0.562842
0.576947
0.323052
0.337157
0.351263
0.365368
0.379473
0.393579
0.407684
0.421789
0.435894
0.45
0.464105
0.47821
0.492316
0.506421
0.520526
0.534631
0.548737
0.562842
0.576947
0.323052
0.337157
0.351263
0.365368
0.379473
0.393579
0.407684
0.421789
0.435894
0.45
0.464105
0.47821
0.492316
0.506421
0.520526
0.534631
0.548737
0.562842
0.576947
0.323052
0.337157
0.351263
0.365368
0.379473
0.393579
0.407684
0.421789
0.435894
0.45
0.464105
0.47821
0.492316
0.506421
0.520526
0.534631
0.548737
0.562842
0.576947
0.323052
0.337157
0.351263
0.365368
0.379473
0.393579
0.407684
0.421789
0.435894
0.45
0.464105
0.47821
0.492316
0.506421
0.520526
0.534631
0.548737
0.562842
0.576947
0.323052
0.337157
0.351263
0.365368
0.379473
0.393579
0.407684
0.421789
0.435894
0.45
0.464105
0.47821
0.492316
0.506421
0.520526
0.534631
0.548737
0.562842
0.576947
0.323052
0.337157
0.351263
0.365368
0.379473
0.393579
0.407684
0.421789
0.435894
0.45
0.464105
0.47821
0.492316
0.506421
0.520526
0.534631
0.548737
0.562842
0.576947
0.323052
0.337157
0.351263
0.365368
0.379473
0.393579
0.407684
0.421789
0.435894
0.45
0.464105
0.47821
0.492316
0.506421
0.520526
0.534631
0.548737
0.562842
0.576947
0.323052
0.337157
0.351263
0.365368
0.379473
0.393579
0.407684
0.421789
0.435894
0.45
0.464105
0.47821
0.492316
0.506421
0.520526
0.534631
0.548737
0.562842
0.576947
0.323052
0.337157
0.351263
0.365368
0.379473
0.393579
0.407684
0.421789
0.435894
0.45
0.464105
0.47821
0.492316
0.506421
0.520526
0.534631
0.548737
0.562842
0.576947
0.323052
0.337157
0.351263
0.365368
0.379473
0.393579
0.407684
0.421789
0.435894
0.45
0.464105
0.47821
0.492316
0.506421
0.520526
0.534631
0.548737
0.562842
0.576947
0.323052
0.337157
0.351263
0.365368
0.379473
0.393579
0.407684
0.421789
0.435894
0.45
0.464105
0.47821
0.492316
0.506421
0.520526
0.534631
0.548737
0.562842
0.576947
0.323052
0.337157
0.351263
0.365368
0.379473
0.393579
0.407684
0.421789
0.435894
0.45
0.464105
0.47821
0.492316
0.506421
0.520526
0.534631
0.548737
0.562842
0.576947
0.323052
0.337157
0.351263
0.365368
0.379473
0.393579
0.407684
0.421789
0.435894
0.45
0.464105
0.47821
0.492316
0.506421
0.520526
0.534631
0.548737
0.562842
0.576947
0.323052
0.337157
0.351263
0.365368
0.379473
0.393579
0.407684
0.421789
0.435894
0.45
0.464105
0.47821
0.492316
0.506421
0.520526
0.534631
0.548737
0.562842
0.576947
0.323052
0.337157
0.351263
0.365368
0.379473
0.393579
0.407684
0.421789
0.435894
0.45
0.464105
0.47821
0.492316
0.506421
0.520526
0.534631
0.548737
0.562842
0.576947
0.323052
0.337157
0.351263
0.365368
0.379473
0.393579
0.407684
0.421789
0.435894
0.45
0.464105
0.47821
0.492316
0.506421
0.520526
0.534631
0.548737
0.562842
0.576947
0.323052
0.337157
0.351263
0.365368
0.379473
0.393579
0.407684
0.421789
0.435894
0.45
0.464105
0.47821
0.492316
0.506421
0.520526
0.534631
0.548737
0.562842
0.576947
0.323052
0.337157
0.351263
0.365368
0.379473
0.393579
0.407684
0.421789
0.435894
0.45
0.464105
0.47821
0.492316
0.506421
0.520526
0.534631
0.548737
0.562842
0.576947
0.323052
0.337157
0.351263
0.365368
0.379473
0.393579
0.407684
0.421789
0.435894
0.45
0.464105
0.47821
0.492316
0.506421
0.520526
0.534631
0.548737
0.562842
0.576947
0.323052
0.337157
0.351263
0.365368
0.379473
0.393579
0.407684
0.421789
0.435894
0.45
0.464105
0.47821
0.492316
0.506421
0.520526
0.534631
0.548737
0.562842
0.576947
0.323052
0.337157
0.351263
0.365368
0.379473
0.393579
0.407684
0.421789
0.435894
0.45
0.464105
0.47821
0.492316
0.506421
0.520526
0.534631
0.548737
0.562842
0.576947
0.323052
0.337157
0.351263
0.365368
0.379473
0.393579
0.407684
0.421789
0.435894
0.45
0.464105
0.47821
0.492316
0.506421
0.520526
0.534631
0.548737
0.562842
0.576947
0.323052
0.337157
0.351263
0.365368
0.379473
0.393579
0.407684
0.421789
0.435894
0.45
0.464105
0.47821
0.492316
0.506421
0.520526
0.534631
0.548737
0.562842
0.576947
0.323052
0.337157
0.351263
0.365368
0.379473
0.393579
0.407684
0.421789
0.435894
0.45
0.464105
0.47821
0.492316
0.506421
0.520526
0.534631
0.548737
0.562842
0.576947
0.323052
0.337157
0.351263
0.365368
0.379473
0.393579
0.407684
0.421789
0.435894
0.45
0.464105
0.47821
0.492316
0.506421
0.520526
0.534631
0.548737
0.562842
0.576947
0.323052
0.337157
0.351263
0.365368
0.379473
0.393579
0.407684
0.421789
0.435894
0.45
0.464105
0.47821
0.492316
0.506421
0.520526
0.534631
0.548737
0.562842
0.576947
0.323052
0.337157
0.351263
0.365368
0.379473
0.393579
0.407684
0.421789
0.435894
0.45
0.464105
0.47821
0.492316
0.506421
0.520526
0.534631
0.548737
0.562842
0.576947
0.323052
0.337157
0.351263
0.365368
0.379473
0.393579
0.407684
0.421789
0.435894
0.45
0.464105
0.47821
0.492316
0.506421
0.520526
0.534631
0.548737
0.562842
0.576947
0.323052
0.337157
0.351263
0.365368
0.379473
0.393579
0.407684
0.421789
0.435894
0.45
0.464105
0.47821
0.492316
0.506421
0.520526
0.534631
0.548737
0.562842
0.576947
)
;

boundaryField
{
    leftWall
    {
        type            calculated;
        value           uniform 0;
    }
    rightWall
    {
        type            calculated;
        value           nonuniform List<scalar> 
50
(
0.584
0.584
0.584
0.584
0.584
0.584
0.584
0.584
0.584
0.584
0.584
0.584
0.584
0.584
0.584
0.584
0.584
0.584
0.584
0.584
0.584
0.584
0.584
0.584
0.584
0.584
0.584
0.584
0.584
0.584
0.584
0.584
0.584
0.584
0.584
0.584
0.584
0.584
0.584
0.584
0.584
0.584
0.584
0.584
0.584
0.584
0.584
0.584
0.584
0.584
)
;
    }
    lowerWall
    {
        type            calculated;
        value           nonuniform List<scalar> 
62
(
0.00634783
0.0190435
0.0317391
0.0444348
0.0571304
0.0698261
0.0825217
0.0952174
0.107913
0.120609
0.133304
0.146
0.158696
0.171391
0.184087
0.196783
0.209478
0.222174
0.23487
0.247565
0.260261
0.272957
0.285652
0.292
0.292
0.292
0.292
0.292
0.292
0.292
0.292
0.295
0.301
0.307
0.313
0.315999
0.315999
0.315999
0.315999
0.315999
0.315999
0.315999
0.315999
0.323052
0.337157
0.351263
0.365368
0.379473
0.393579
0.407684
0.421789
0.435894
0.45
0.464105
0.47821
0.492316
0.506421
0.520526
0.534631
0.548737
0.562842
0.576947
)
;
    }
    atmosphere
    {
        type            calculated;
        value           nonuniform List<scalar> 
46
(
0.00634783
0.0190435
0.0317391
0.0444348
0.0571304
0.0698261
0.0825217
0.0952174
0.107913
0.120609
0.133304
0.146
0.158696
0.171391
0.184087
0.196783
0.209478
0.222174
0.23487
0.247565
0.260261
0.272957
0.285652
0.295
0.301
0.307
0.313
0.323052
0.337157
0.351263
0.365368
0.379473
0.393579
0.407684
0.421789
0.435894
0.45
0.464105
0.47821
0.492316
0.506421
0.520526
0.534631
0.548737
0.562842
0.576947
)
;
    }
    defaultFaces
    {
        type            empty;
    }
}


// ************************************************************************* //
