/*--------------------------------*- C++ -*----------------------------------*\
| =========                 |                                                 |
| \\      /  F ield         | OpenFOAM: The Open Source CFD Toolbox           |
|  \\    /   O peration     | Version:  2312                                  |
|   \\  /    A nd           | Website:  www.openfoam.com                      |
|    \\/     M anipulation  |                                                 |
\*---------------------------------------------------------------------------*/
FoamFile
{
    version     2.0;
    format      ascii;
    arch        "LSB;label=32;scalar=64";
    class       volScalarField;
    location    "0";
    object      Cy;
}
// * * * * * * * * * * * * * * * * * * * * * * * * * * * * * * * * * * * * * //

dimensions      [0 1 0 0 0 0 0];

internalField   nonuniform List<scalar> 
2268
(
0.00299993
0.00299994
0.00299993
0.00299994
0.00299994
0.00299993
0.00299994
0.00299993
0.00299993
0.00299994
0.00299993
0.00299994
0.00299994
0.00299994
0.00299993
0.00299993
0.00299993
0.00299993
0.00299993
0.00299994
0.00299994
0.00299993
0.00299993
0.0089998
0.0089998
0.0089998
0.0089998
0.00899981
0.0089998
0.0089998
0.0089998
0.00899981
0.0089998
0.0089998
0.0089998
0.0089998
0.0089998
0.0089998
0.0089998
0.0089998
0.0089998
0.0089998
0.00899981
0.0089998
0.00899981
0.0089998
0.0149997
0.0149997
0.0149997
0.0149997
0.0149997
0.0149997
0.0149997
0.0149997
0.0149997
0.0149997
0.0149997
0.0149997
0.0149997
0.0149997
0.0149997
0.0149997
0.0149997
0.0149997
0.0149997
0.0149997
0.0149997
0.0149997
0.0149997
0.0209995
0.0209995
0.0209995
0.0209995
0.0209995
0.0209995
0.0209995
0.0209995
0.0209995
0.0209995
0.0209995
0.0209995
0.0209995
0.0209995
0.0209995
0.0209995
0.0209995
0.0209995
0.0209995
0.0209995
0.0209995
0.0209995
0.0209995
0.0269994
0.0269994
0.0269994
0.0269994
0.0269994
0.0269994
0.0269994
0.0269994
0.0269994
0.0269994
0.0269994
0.0269994
0.0269994
0.0269994
0.0269994
0.0269994
0.0269994
0.0269994
0.0269994
0.0269994
0.0269994
0.0269994
0.0269994
0.0329993
0.0329993
0.0329993
0.0329993
0.0329993
0.0329993
0.0329993
0.0329993
0.0329993
0.0329993
0.0329993
0.0329993
0.0329993
0.0329993
0.0329993
0.0329993
0.0329993
0.0329993
0.0329993
0.0329993
0.0329993
0.0329993
0.0329993
0.0389992
0.0389992
0.0389992
0.0389992
0.0389992
0.0389992
0.0389992
0.0389992
0.0389992
0.0389992
0.0389992
0.0389992
0.0389992
0.0389992
0.0389992
0.0389992
0.0389992
0.0389992
0.0389992
0.0389992
0.0389992
0.0389992
0.0389992
0.044999
0.044999
0.044999
0.044999
0.044999
0.044999
0.044999
0.044999
0.044999
0.044999
0.044999
0.044999
0.044999
0.044999
0.044999
0.044999
0.044999
0.044999
0.044999
0.044999
0.044999
0.044999
0.044999
0.00299993
0.00299994
0.00299993
0.00299993
0.00299993
0.00299993
0.00299994
0.00299993
0.00299993
0.00299993
0.00299993
0.00299994
0.00299994
0.00299993
0.00299993
0.00299994
0.00299993
0.00299993
0.00299993
0.0089998
0.00899981
0.0089998
0.0089998
0.00899981
0.0089998
0.00899981
0.0089998
0.00899981
0.0089998
0.00899981
0.00899981
0.0089998
0.00899981
0.0089998
0.0089998
0.0089998
0.0089998
0.00899981
0.0149997
0.0149997
0.0149997
0.0149997
0.0149997
0.0149997
0.0149997
0.0149997
0.0149997
0.0149997
0.0149997
0.0149997
0.0149997
0.0149997
0.0149997
0.0149997
0.0149997
0.0149997
0.0149997
0.0209995
0.0209995
0.0209995
0.0209995
0.0209995
0.0209995
0.0209995
0.0209995
0.0209995
0.0209995
0.0209995
0.0209995
0.0209995
0.0209995
0.0209995
0.0209995
0.0209995
0.0209995
0.0209995
0.0269994
0.0269994
0.0269994
0.0269994
0.0269994
0.0269994
0.0269994
0.0269994
0.0269994
0.0269994
0.0269994
0.0269994
0.0269994
0.0269994
0.0269994
0.0269994
0.0269994
0.0269994
0.0269994
0.0329993
0.0329993
0.0329993
0.0329993
0.0329993
0.0329993
0.0329993
0.0329993
0.0329993
0.0329993
0.0329993
0.0329993
0.0329993
0.0329993
0.0329993
0.0329993
0.0329993
0.0329993
0.0329993
0.0389992
0.0389992
0.0389992
0.0389992
0.0389992
0.0389992
0.0389992
0.0389992
0.0389992
0.0389992
0.0389992
0.0389992
0.0389992
0.0389992
0.0389992
0.0389992
0.0389992
0.0389992
0.0389992
0.044999
0.044999
0.044999
0.044999
0.044999
0.044999
0.044999
0.044999
0.044999
0.044999
0.044999
0.044999
0.044999
0.044999
0.044999
0.044999
0.044999
0.044999
0.044999
0.0543799
0.0543799
0.0543799
0.0543799
0.0543799
0.0543799
0.0543799
0.0543799
0.0543799
0.0543799
0.0543799
0.0543799
0.0543799
0.0543799
0.0543799
0.0543799
0.0543799
0.0543799
0.0543799
0.0543799
0.0543799
0.0543799
0.0543799
0.0671419
0.0671419
0.0671419
0.0671419
0.0671419
0.0671419
0.0671419
0.0671419
0.0671419
0.0671419
0.0671419
0.0671419
0.0671419
0.0671419
0.0671419
0.0671419
0.0671419
0.0671419
0.0671419
0.0671419
0.0671419
0.0671419
0.0671419
0.0799038
0.0799038
0.0799038
0.0799038
0.0799038
0.0799038
0.0799038
0.0799038
0.0799038
0.0799038
0.0799038
0.0799038
0.0799038
0.0799038
0.0799038
0.0799038
0.0799038
0.0799038
0.0799038
0.0799038
0.0799038
0.0799038
0.0799038
0.0926657
0.0926657
0.0926657
0.0926657
0.0926657
0.0926657
0.0926657
0.0926657
0.0926657
0.0926657
0.0926657
0.0926657
0.0926657
0.0926657
0.0926657
0.0926657
0.0926657
0.0926657
0.0926657
0.0926657
0.0926657
0.0926657
0.0926657
0.105428
0.105428
0.105428
0.105428
0.105428
0.105428
0.105428
0.105428
0.105428
0.105428
0.105428
0.105428
0.105428
0.105428
0.105428
0.105428
0.105428
0.105428
0.105428
0.105428
0.105428
0.105428
0.105428
0.11819
0.11819
0.11819
0.11819
0.11819
0.11819
0.11819
0.11819
0.11819
0.11819
0.11819
0.11819
0.11819
0.11819
0.11819
0.11819
0.11819
0.11819
0.11819
0.11819
0.11819
0.11819
0.11819
0.130952
0.130952
0.130952
0.130952
0.130952
0.130952
0.130952
0.130952
0.130952
0.130952
0.130952
0.130952
0.130952
0.130952
0.130952
0.130952
0.130952
0.130952
0.130952
0.130952
0.130952
0.130952
0.130952
0.143713
0.143713
0.143713
0.143713
0.143713
0.143713
0.143713
0.143713
0.143713
0.143713
0.143713
0.143713
0.143713
0.143713
0.143713
0.143713
0.143713
0.143713
0.143713
0.143713
0.143713
0.143713
0.143713
0.156475
0.156475
0.156475
0.156475
0.156475
0.156475
0.156475
0.156475
0.156475
0.156475
0.156475
0.156475
0.156475
0.156475
0.156475
0.156475
0.156475
0.156475
0.156475
0.156475
0.156475
0.156475
0.156475
0.169237
0.169237
0.169237
0.169237
0.169237
0.169237
0.169237
0.169237
0.169237
0.169237
0.169237
0.169237
0.169237
0.169237
0.169237
0.169237
0.169237
0.169237
0.169237
0.169237
0.169237
0.169237
0.169237
0.181999
0.181999
0.181999
0.181999
0.181999
0.181999
0.181999
0.181999
0.181999
0.181999
0.181999
0.181999
0.181999
0.181999
0.181999
0.181999
0.181999
0.181999
0.181999
0.181999
0.181999
0.181999
0.181999
0.194761
0.194761
0.194761
0.194761
0.194761
0.194761
0.194761
0.194761
0.194761
0.194761
0.194761
0.194761
0.194761
0.194761
0.194761
0.194761
0.194761
0.194761
0.194761
0.194761
0.194761
0.194761
0.194761
0.207523
0.207523
0.207523
0.207523
0.207523
0.207523
0.207523
0.207523
0.207523
0.207523
0.207523
0.207523
0.207523
0.207523
0.207523
0.207523
0.207523
0.207523
0.207523
0.207523
0.207523
0.207523
0.207523
0.220285
0.220285
0.220285
0.220285
0.220285
0.220285
0.220285
0.220285
0.220285
0.220285
0.220285
0.220285
0.220285
0.220285
0.220285
0.220285
0.220285
0.220285
0.220285
0.220285
0.220285
0.220285
0.220285
0.233047
0.233047
0.233047
0.233047
0.233047
0.233047
0.233047
0.233047
0.233047
0.233047
0.233047
0.233047
0.233047
0.233047
0.233047
0.233047
0.233047
0.233047
0.233047
0.233047
0.233047
0.233047
0.233047
0.245809
0.245809
0.245809
0.245809
0.245809
0.245809
0.245809
0.245809
0.245809
0.245809
0.245809
0.245809
0.245809
0.245809
0.245809
0.245809
0.245809
0.245809
0.245809
0.245809
0.245809
0.245809
0.245809
0.258571
0.258571
0.258571
0.258571
0.258571
0.258571
0.258571
0.258571
0.258571
0.258571
0.258571
0.258571
0.258571
0.258571
0.258571
0.258571
0.258571
0.258571
0.258571
0.258571
0.258571
0.258571
0.258571
0.271333
0.271333
0.271333
0.271333
0.271333
0.271333
0.271333
0.271333
0.271333
0.271333
0.271333
0.271333
0.271333
0.271333
0.271333
0.271333
0.271333
0.271333
0.271333
0.271333
0.271333
0.271333
0.271333
0.284095
0.284095
0.284095
0.284095
0.284095
0.284095
0.284095
0.284095
0.284095
0.284095
0.284095
0.284095
0.284095
0.284095
0.284095
0.284095
0.284095
0.284095
0.284095
0.284095
0.284095
0.284095
0.284095
0.296857
0.296857
0.296857
0.296857
0.296857
0.296857
0.296857
0.296857
0.296857
0.296857
0.296857
0.296857
0.296857
0.296857
0.296857
0.296857
0.296857
0.296857
0.296857
0.296857
0.296857
0.296857
0.296857
0.309619
0.309619
0.309619
0.309619
0.309619
0.309619
0.309619
0.309619
0.309619
0.309619
0.309619
0.309619
0.309619
0.309619
0.309619
0.309619
0.309619
0.309619
0.309619
0.309619
0.309619
0.309619
0.309619
0.32238
0.32238
0.32238
0.32238
0.32238
0.32238
0.32238
0.32238
0.32238
0.32238
0.32238
0.32238
0.32238
0.32238
0.32238
0.32238
0.32238
0.32238
0.32238
0.32238
0.32238
0.32238
0.32238
0.335142
0.335142
0.335142
0.335142
0.335142
0.335142
0.335142
0.335142
0.335142
0.335142
0.335142
0.335142
0.335142
0.335142
0.335142
0.335142
0.335142
0.335142
0.335142
0.335142
0.335142
0.335142
0.335142
0.347904
0.347904
0.347904
0.347904
0.347904
0.347904
0.347904
0.347904
0.347904
0.347904
0.347904
0.347904
0.347904
0.347904
0.347904
0.347904
0.347904
0.347904
0.347904
0.347904
0.347904
0.347904
0.347904
0.360666
0.360666
0.360666
0.360666
0.360666
0.360666
0.360666
0.360666
0.360666
0.360666
0.360666
0.360666
0.360666
0.360666
0.360666
0.360666
0.360666
0.360666
0.360666
0.360666
0.360666
0.360666
0.360666
0.373428
0.373428
0.373428
0.373428
0.373428
0.373428
0.373428
0.373428
0.373428
0.373428
0.373428
0.373428
0.373428
0.373428
0.373428
0.373428
0.373428
0.373428
0.373428
0.373428
0.373428
0.373428
0.373428
0.38619
0.38619
0.38619
0.38619
0.38619
0.38619
0.38619
0.38619
0.38619
0.38619
0.38619
0.38619
0.38619
0.38619
0.38619
0.38619
0.38619
0.38619
0.38619
0.38619
0.38619
0.38619
0.38619
0.398952
0.398952
0.398952
0.398952
0.398952
0.398952
0.398952
0.398952
0.398952
0.398952
0.398952
0.398952
0.398952
0.398952
0.398952
0.398952
0.398952
0.398952
0.398952
0.398952
0.398952
0.398952
0.398952
0.411714
0.411714
0.411714
0.411714
0.411714
0.411714
0.411714
0.411714
0.411714
0.411714
0.411714
0.411714
0.411714
0.411714
0.411714
0.411714
0.411714
0.411714
0.411714
0.411714
0.411714
0.411714
0.411714
0.424476
0.424476
0.424476
0.424476
0.424476
0.424476
0.424476
0.424476
0.424476
0.424476
0.424476
0.424476
0.424476
0.424476
0.424476
0.424476
0.424476
0.424476
0.424476
0.424476
0.424476
0.424476
0.424476
0.437238
0.437238
0.437238
0.437238
0.437238
0.437238
0.437238
0.437238
0.437238
0.437238
0.437238
0.437238
0.437238
0.437238
0.437238
0.437238
0.437238
0.437238
0.437238
0.437238
0.437238
0.437238
0.437238
0.45
0.45
0.45
0.45
0.45
0.45
0.45
0.45
0.45
0.45
0.45
0.45
0.45
0.45
0.45
0.45
0.45
0.45
0.45
0.45
0.45
0.45
0.45
0.462762
0.462762
0.462762
0.462762
0.462762
0.462762
0.462762
0.462762
0.462762
0.462762
0.462762
0.462762
0.462762
0.462762
0.462762
0.462762
0.462762
0.462762
0.462762
0.462762
0.462762
0.462762
0.462762
0.475524
0.475524
0.475524
0.475524
0.475524
0.475524
0.475524
0.475524
0.475524
0.475524
0.475524
0.475524
0.475524
0.475524
0.475524
0.475524
0.475524
0.475524
0.475524
0.475524
0.475524
0.475524
0.475524
0.488286
0.488286
0.488286
0.488286
0.488286
0.488286
0.488286
0.488286
0.488286
0.488286
0.488286
0.488286
0.488286
0.488286
0.488286
0.488286
0.488286
0.488286
0.488286
0.488286
0.488286
0.488286
0.488286
0.501047
0.501047
0.501047
0.501047
0.501047
0.501047
0.501047
0.501047
0.501047
0.501047
0.501047
0.501047
0.501047
0.501047
0.501047
0.501047
0.501047
0.501047
0.501047
0.501047
0.501047
0.501047
0.501047
0.513809
0.513809
0.513809
0.513809
0.513809
0.513809
0.513809
0.513809
0.513809
0.513809
0.513809
0.513809
0.513809
0.513809
0.513809
0.513809
0.513809
0.513809
0.513809
0.513809
0.513809
0.513809
0.513809
0.526571
0.526571
0.526571
0.526571
0.526571
0.526571
0.526571
0.526571
0.526571
0.526571
0.526571
0.526571
0.526571
0.526571
0.526571
0.526571
0.526571
0.526571
0.526571
0.526571
0.526571
0.526571
0.526571
0.539333
0.539333
0.539333
0.539333
0.539333
0.539333
0.539333
0.539333
0.539333
0.539333
0.539333
0.539333
0.539333
0.539333
0.539333
0.539333
0.539333
0.539333
0.539333
0.539333
0.539333
0.539333
0.539333
0.552095
0.552095
0.552095
0.552095
0.552095
0.552095
0.552095
0.552095
0.552095
0.552095
0.552095
0.552095
0.552095
0.552095
0.552095
0.552095
0.552095
0.552095
0.552095
0.552095
0.552095
0.552095
0.552095
0.564857
0.564857
0.564857
0.564857
0.564857
0.564857
0.564857
0.564857
0.564857
0.564857
0.564857
0.564857
0.564857
0.564857
0.564857
0.564857
0.564857
0.564857
0.564857
0.564857
0.564857
0.564857
0.564857
0.577619
0.577619
0.577619
0.577619
0.577619
0.577619
0.577619
0.577619
0.577619
0.577619
0.577619
0.577619
0.577619
0.577619
0.577619
0.577619
0.577619
0.577619
0.577619
0.577619
0.577619
0.577619
0.577619
0.0543799
0.0543799
0.0543799
0.0543799
0.0671419
0.0671419
0.0671419
0.0671419
0.0799038
0.0799038
0.0799038
0.0799038
0.0926657
0.0926657
0.0926657
0.0926657
0.105428
0.105428
0.105428
0.105428
0.11819
0.11819
0.11819
0.11819
0.130952
0.130952
0.130952
0.130952
0.143713
0.143713
0.143713
0.143713
0.156475
0.156475
0.156475
0.156475
0.169237
0.169237
0.169237
0.169237
0.181999
0.181999
0.181999
0.181999
0.194761
0.194761
0.194761
0.194761
0.207523
0.207523
0.207523
0.207523
0.220285
0.220285
0.220285
0.220285
0.233047
0.233047
0.233047
0.233047
0.245809
0.245809
0.245809
0.245809
0.258571
0.258571
0.258571
0.258571
0.271333
0.271333
0.271333
0.271333
0.284095
0.284095
0.284095
0.284095
0.296857
0.296857
0.296857
0.296857
0.309619
0.309619
0.309619
0.309619
0.32238
0.32238
0.32238
0.32238
0.335142
0.335142
0.335142
0.335142
0.347904
0.347904
0.347904
0.347904
0.360666
0.360666
0.360666
0.360666
0.373428
0.373428
0.373428
0.373428
0.38619
0.38619
0.38619
0.38619
0.398952
0.398952
0.398952
0.398952
0.411714
0.411714
0.411714
0.411714
0.424476
0.424476
0.424476
0.424476
0.437238
0.437238
0.437238
0.437238
0.45
0.45
0.45
0.45
0.462762
0.462762
0.462762
0.462762
0.475524
0.475524
0.475524
0.475524
0.488286
0.488286
0.488286
0.488286
0.501047
0.501047
0.501047
0.501047
0.513809
0.513809
0.513809
0.513809
0.526571
0.526571
0.526571
0.526571
0.539333
0.539333
0.539333
0.539333
0.552095
0.552095
0.552095
0.552095
0.564857
0.564857
0.564857
0.564857
0.577619
0.577619
0.577619
0.577619
0.0543799
0.0543799
0.0543799
0.0543799
0.0543799
0.0543799
0.0543799
0.0543799
0.0543799
0.0543799
0.0543799
0.0543799
0.0543799
0.0543799
0.0543799
0.0543799
0.0543799
0.0543799
0.0543799
0.0671419
0.0671419
0.0671419
0.0671419
0.0671419
0.0671419
0.0671419
0.0671419
0.0671419
0.0671419
0.0671419
0.0671419
0.0671419
0.0671419
0.0671419
0.0671419
0.0671419
0.0671419
0.0671419
0.0799038
0.0799038
0.0799038
0.0799038
0.0799038
0.0799038
0.0799038
0.0799038
0.0799038
0.0799038
0.0799038
0.0799038
0.0799038
0.0799038
0.0799038
0.0799038
0.0799038
0.0799038
0.0799038
0.0926657
0.0926657
0.0926657
0.0926657
0.0926657
0.0926657
0.0926657
0.0926657
0.0926657
0.0926657
0.0926657
0.0926657
0.0926657
0.0926657
0.0926657
0.0926657
0.0926657
0.0926657
0.0926657
0.105428
0.105428
0.105428
0.105428
0.105428
0.105428
0.105428
0.105428
0.105428
0.105428
0.105428
0.105428
0.105428
0.105428
0.105428
0.105428
0.105428
0.105428
0.105428
0.11819
0.11819
0.11819
0.11819
0.11819
0.11819
0.11819
0.11819
0.11819
0.11819
0.11819
0.11819
0.11819
0.11819
0.11819
0.11819
0.11819
0.11819
0.11819
0.130952
0.130952
0.130952
0.130952
0.130952
0.130952
0.130952
0.130952
0.130952
0.130952
0.130952
0.130952
0.130952
0.130952
0.130952
0.130952
0.130952
0.130952
0.130952
0.143713
0.143713
0.143713
0.143713
0.143713
0.143713
0.143713
0.143713
0.143713
0.143713
0.143713
0.143713
0.143713
0.143713
0.143713
0.143713
0.143713
0.143713
0.143713
0.156475
0.156475
0.156475
0.156475
0.156475
0.156475
0.156475
0.156475
0.156475
0.156475
0.156475
0.156475
0.156475
0.156475
0.156475
0.156475
0.156475
0.156475
0.156475
0.169237
0.169237
0.169237
0.169237
0.169237
0.169237
0.169237
0.169237
0.169237
0.169237
0.169237
0.169237
0.169237
0.169237
0.169237
0.169237
0.169237
0.169237
0.169237
0.181999
0.181999
0.181999
0.181999
0.181999
0.181999
0.181999
0.181999
0.181999
0.181999
0.181999
0.181999
0.181999
0.181999
0.181999
0.181999
0.181999
0.181999
0.181999
0.194761
0.194761
0.194761
0.194761
0.194761
0.194761
0.194761
0.194761
0.194761
0.194761
0.194761
0.194761
0.194761
0.194761
0.194761
0.194761
0.194761
0.194761
0.194761
0.207523
0.207523
0.207523
0.207523
0.207523
0.207523
0.207523
0.207523
0.207523
0.207523
0.207523
0.207523
0.207523
0.207523
0.207523
0.207523
0.207523
0.207523
0.207523
0.220285
0.220285
0.220285
0.220285
0.220285
0.220285
0.220285
0.220285
0.220285
0.220285
0.220285
0.220285
0.220285
0.220285
0.220285
0.220285
0.220285
0.220285
0.220285
0.233047
0.233047
0.233047
0.233047
0.233047
0.233047
0.233047
0.233047
0.233047
0.233047
0.233047
0.233047
0.233047
0.233047
0.233047
0.233047
0.233047
0.233047
0.233047
0.245809
0.245809
0.245809
0.245809
0.245809
0.245809
0.245809
0.245809
0.245809
0.245809
0.245809
0.245809
0.245809
0.245809
0.245809
0.245809
0.245809
0.245809
0.245809
0.258571
0.258571
0.258571
0.258571
0.258571
0.258571
0.258571
0.258571
0.258571
0.258571
0.258571
0.258571
0.258571
0.258571
0.258571
0.258571
0.258571
0.258571
0.258571
0.271333
0.271333
0.271333
0.271333
0.271333
0.271333
0.271333
0.271333
0.271333
0.271333
0.271333
0.271333
0.271333
0.271333
0.271333
0.271333
0.271333
0.271333
0.271333
0.284095
0.284095
0.284095
0.284095
0.284095
0.284095
0.284095
0.284095
0.284095
0.284095
0.284095
0.284095
0.284095
0.284095
0.284095
0.284095
0.284095
0.284095
0.284095
0.296857
0.296857
0.296857
0.296857
0.296857
0.296857
0.296857
0.296857
0.296857
0.296857
0.296857
0.296857
0.296857
0.296857
0.296857
0.296857
0.296857
0.296857
0.296857
0.309619
0.309619
0.309619
0.309619
0.309619
0.309619
0.309619
0.309619
0.309619
0.309619
0.309619
0.309619
0.309619
0.309619
0.309619
0.309619
0.309619
0.309619
0.309619
0.32238
0.32238
0.32238
0.32238
0.32238
0.32238
0.32238
0.32238
0.32238
0.32238
0.32238
0.32238
0.32238
0.32238
0.32238
0.32238
0.32238
0.32238
0.32238
0.335142
0.335142
0.335142
0.335142
0.335142
0.335142
0.335142
0.335142
0.335142
0.335142
0.335142
0.335142
0.335142
0.335142
0.335142
0.335142
0.335142
0.335142
0.335142
0.347904
0.347904
0.347904
0.347904
0.347904
0.347904
0.347904
0.347904
0.347904
0.347904
0.347904
0.347904
0.347904
0.347904
0.347904
0.347904
0.347904
0.347904
0.347904
0.360666
0.360666
0.360666
0.360666
0.360666
0.360666
0.360666
0.360666
0.360666
0.360666
0.360666
0.360666
0.360666
0.360666
0.360666
0.360666
0.360666
0.360666
0.360666
0.373428
0.373428
0.373428
0.373428
0.373428
0.373428
0.373428
0.373428
0.373428
0.373428
0.373428
0.373428
0.373428
0.373428
0.373428
0.373428
0.373428
0.373428
0.373428
0.38619
0.38619
0.38619
0.38619
0.38619
0.38619
0.38619
0.38619
0.38619
0.38619
0.38619
0.38619
0.38619
0.38619
0.38619
0.38619
0.38619
0.38619
0.38619
0.398952
0.398952
0.398952
0.398952
0.398952
0.398952
0.398952
0.398952
0.398952
0.398952
0.398952
0.398952
0.398952
0.398952
0.398952
0.398952
0.398952
0.398952
0.398952
0.411714
0.411714
0.411714
0.411714
0.411714
0.411714
0.411714
0.411714
0.411714
0.411714
0.411714
0.411714
0.411714
0.411714
0.411714
0.411714
0.411714
0.411714
0.411714
0.424476
0.424476
0.424476
0.424476
0.424476
0.424476
0.424476
0.424476
0.424476
0.424476
0.424476
0.424476
0.424476
0.424476
0.424476
0.424476
0.424476
0.424476
0.424476
0.437238
0.437238
0.437238
0.437238
0.437238
0.437238
0.437238
0.437238
0.437238
0.437238
0.437238
0.437238
0.437238
0.437238
0.437238
0.437238
0.437238
0.437238
0.437238
0.45
0.45
0.45
0.45
0.45
0.45
0.45
0.45
0.45
0.45
0.45
0.45
0.45
0.45
0.45
0.45
0.45
0.45
0.45
0.462762
0.462762
0.462762
0.462762
0.462762
0.462762
0.462762
0.462762
0.462762
0.462762
0.462762
0.462762
0.462762
0.462762
0.462762
0.462762
0.462762
0.462762
0.462762
0.475524
0.475524
0.475524
0.475524
0.475524
0.475524
0.475524
0.475524
0.475524
0.475524
0.475524
0.475524
0.475524
0.475524
0.475524
0.475524
0.475524
0.475524
0.475524
0.488286
0.488286
0.488286
0.488286
0.488286
0.488286
0.488286
0.488286
0.488286
0.488286
0.488286
0.488286
0.488286
0.488286
0.488286
0.488286
0.488286
0.488286
0.488286
0.501047
0.501047
0.501047
0.501047
0.501047
0.501047
0.501047
0.501047
0.501047
0.501047
0.501047
0.501047
0.501047
0.501047
0.501047
0.501047
0.501047
0.501047
0.501047
0.513809
0.513809
0.513809
0.513809
0.513809
0.513809
0.513809
0.513809
0.513809
0.513809
0.513809
0.513809
0.513809
0.513809
0.513809
0.513809
0.513809
0.513809
0.513809
0.526571
0.526571
0.526571
0.526571
0.526571
0.526571
0.526571
0.526571
0.526571
0.526571
0.526571
0.526571
0.526571
0.526571
0.526571
0.526571
0.526571
0.526571
0.526571
0.539333
0.539333
0.539333
0.539333
0.539333
0.539333
0.539333
0.539333
0.539333
0.539333
0.539333
0.539333
0.539333
0.539333
0.539333
0.539333
0.539333
0.539333
0.539333
0.552095
0.552095
0.552095
0.552095
0.552095
0.552095
0.552095
0.552095
0.552095
0.552095
0.552095
0.552095
0.552095
0.552095
0.552095
0.552095
0.552095
0.552095
0.552095
0.564857
0.564857
0.564857
0.564857
0.564857
0.564857
0.564857
0.564857
0.564857
0.564857
0.564857
0.564857
0.564857
0.564857
0.564857
0.564857
0.564857
0.564857
0.564857
0.577619
0.577619
0.577619
0.577619
0.577619
0.577619
0.577619
0.577619
0.577619
0.577619
0.577619
0.577619
0.577619
0.577619
0.577619
0.577619
0.577619
0.577619
0.577619
)
;

boundaryField
{
    leftWall
    {
        type            calculated;
        value           nonuniform List<scalar> 
50
(
0.00299993
0.0089998
0.0149997
0.0209995
0.0269994
0.0329993
0.0389992
0.044999
0.0543799
0.0671419
0.0799038
0.0926657
0.105428
0.11819
0.130952
0.143713
0.156475
0.169237
0.181999
0.194761
0.207523
0.220285
0.233047
0.245809
0.258571
0.271333
0.284095
0.296857
0.309619
0.32238
0.335142
0.347904
0.360666
0.373428
0.38619
0.398952
0.411714
0.424476
0.437238
0.45
0.462762
0.475524
0.488286
0.501047
0.513809
0.526571
0.539333
0.552095
0.564857
0.577619
)
;
    }
    rightWall
    {
        type            calculated;
        value           nonuniform List<scalar> 
50
(
0.00299993
0.0089998
0.0149997
0.0209995
0.0269994
0.0329993
0.0389992
0.044999
0.0543799
0.0671419
0.0799038
0.0926657
0.105428
0.11819
0.130952
0.143713
0.156475
0.169237
0.181999
0.194761
0.207523
0.220285
0.233047
0.245809
0.258571
0.271333
0.284095
0.296857
0.309619
0.32238
0.335142
0.347904
0.360666
0.373428
0.38619
0.398952
0.411714
0.424476
0.437238
0.45
0.462762
0.475524
0.488286
0.501047
0.513809
0.526571
0.539333
0.552095
0.564857
0.577619
)
;
    }
    lowerWall
    {
        type            calculated;
        value           nonuniform List<scalar> 
62
(
0
0
0
0
0
0
0
0
0
0
0
0
0
0
0
0
0
0
0
0
0
0
0
0.00299993
0.0089998
0.0149997
0.0209995
0.0269994
0.0329993
0.0389992
0.044999
0.047999
0.047999
0.047999
0.047999
0.00299993
0.0089998
0.0149997
0.0209995
0.0269994
0.0329993
0.0389992
0.044999
0
0
0
0
0
0
0
0
0
0
0
0
0
0
0
0
0
0
0
)
;
    }
    atmosphere
    {
        type            calculated;
        value           nonuniform List<scalar> 
46
(
0.584
0.584
0.584
0.584
0.584
0.584
0.584
0.584
0.584
0.584
0.584
0.584
0.584
0.584
0.584
0.584
0.584
0.584
0.584
0.584
0.584
0.584
0.584
0.584
0.584
0.584
0.584
0.584
0.584
0.584
0.584
0.584
0.584
0.584
0.584
0.584
0.584
0.584
0.584
0.584
0.584
0.584
0.584
0.584
0.584
0.584
)
;
    }
    defaultFaces
    {
        type            empty;
    }
}


// ************************************************************************* //
